0.00008
0.03805
0.02692
0.19133
0.19799
0.15489
0.10996
0.07673
0.05469
0.03620
0.03379
0.02390
0.01557
0.01190
0.01096
0.00855
0.00607
0.00623
0.00546
0.00360
0.00363
0.00223
0.00223
0.00360
0.00137
0.00116
0.00085
0.00192
0.00098
0.00061
0.00073
0.00034
0.00049
0.00107
0.00021
0.00012
0.00006
0.00073
0.00034
0.00006
0.00006
0.00018
0.00031
0.00009
0.00012
0.00006
0.00021
0.00018
0.00012
0.00009
0.00000
0.00015
0.00012
0.00024
0.00003
0.00000
0.00018
0.00000
0.00000
0.00000
0.00000
0.00000
0.00000
0.00009
0.00000
0.00003
0.00000
0.00000
0.00003
0.00000
0.00006
0.00000
0.00000
0.00000
0.00000
0.00000
0.00000
0.00000
0.00000
0.00000
0.00000
0.00000
0.00000
0.00000
0.00000
0.00000
0.00000
0.00003
0.00000
0.00000
0.00000
0.00000
0.00000
0.00006
0.00000
0.00000
0.00000
0.00000
0.00000
0.00000
0.00000
0.00000
