Homeo_box#Homeo_box#Homeo_box#Homeo_box#0.438885714285714 0.0418 0.101985714285714 0.417328571428571 0.438885714285714 0.0418 0.101985714285714 0.417328571428571 0.438885714285714 0.0418 0.101985714285714 0.417328571428571 0.438885714285714 0.0418 0.101985714285714 0.417328571428571 0.438885714285714 0.0418 0.101985714285714 0.417328571428571 0.438885714285714 0.0418 0.101985714285714 0.417328571428571 0.438885714285714 0.0418 0.101985714285714 0.417328571428571
TRP_MYB#TRP_MYB#TRP_MYB#TRP_MYB#0.164347945650679 0.15609804877439 0.23654704316196 0.44300696241297 0.164347945650679 0.15609804877439 0.23654704316196 0.44300696241297 0.164347945650679 0.15609804877439 0.23654704316196 0.44300696241297 0.150288570684424 0.229240144572491 0.212253576770956 0.408217707972129 0.164347945650679 0.15609804877439 0.23654704316196 0.44300696241297 0.164347945650679 0.15609804877439 0.23654704316196 0.44300696241297 0.164347945650679 0.15609804877439 0.23654704316196 0.44300696241297 0.164347945650679 0.15609804877439 0.23654704316196 0.44300696241297
Bzip_Cebp#Bzip_Cebp#Bzip_Cebp#Bzip_Cebp#0.344970499672219 0.159746219402438 0.167124079156435 0.328159201768909 0.252310007336128 0.122187043141083 0.122050556082025 0.503452393440765 0.2104058961929 0.102699652050869 0.125456955846827 0.561437495909404 0.344970499672219 0.159746219402438 0.167124079156435 0.328159201768909 0.200183879708038 0.447504917767315 0.102414792206459 0.249896410318188 0.344970499672219 0.159746219402438 0.167124079156435 0.328159201768909 0.344970499672219 0.159746219402438 0.167124079156435 0.328159201768909 0.344970499672219 0.159746219402438 0.167124079156435 0.328159201768909 0.344970499672219 0.159746219402438 0.167124079156435 0.328159201768909
bzip_CREB#bzip_CREB#bzip_CREB#bzip_CREB#0.0638955147950383 0.0648775664815768 0.123346934932639 0.747879983790745 0.0900785113026216 0.0877386795151013 0.647458892855632 0.174723916326645 0.821612715965513 0.0374506017971393 0.0712020686591521 0.0697346135781951 0.0509804639322114 0.712491884462113 0.108811421135583 0.127716230470093 0.0656419224825622 0.0666508158436755 0.743600607454786 0.124106654218977 0.147783981322348 0.16291343410829 0.279074963749396 0.410227620819966
MAD_box#MAD_box#MAD_box#MAD_box#0.110267525908413 0.659651613230976 0.0705940069693666 0.159486853891244 0.265632656326563 0.163171631716317 0.175521755217552 0.395673956739567 0.265632656326563 0.163171631716317 0.175521755217552 0.395673956739567 0.265632656326563 0.163171631716317 0.175521755217552 0.395673956739567 0.265632656326563 0.163171631716317 0.175521755217552 0.395673956739567 0.265632656326563 0.163171631716317 0.175521755217552 0.395673956739567 0.265632656326563 0.163171631716317 0.175521755217552 0.395673956739567 0.265632656326563 0.163171631716317 0.175521755217552 0.395673956739567 0.272922247431459 0.0867646029975925 0.422847407925739 0.217465741645209 0.15303696498168 0.0859385159768956 0.531468143871655 0.22955637516977
forkhead#forkhead#forkhead#forkhead#0.145831712980967 0.0850212775413607 0.161031544093955 0.608115465383718 0.21061645745101 0.0300329982770157 0.537360224087144 0.221990320184831 0.145831712980967 0.0850212775413607 0.161031544093955 0.608115465383718 0.145831712980967 0.0850212775413607 0.161031544093955 0.608115465383718 0.145831712980967 0.0850212775413607 0.161031544093955 0.608115465383718 0.531137924003264 0.0317688147649054 0.189510382870068 0.247582878361763 0.145831712980967 0.0850212775413607 0.161031544093955 0.608115465383718 0.145831712980967 0.0850212775413607 0.161031544093955 0.608115465383718 0.145831712980967 0.0850212775413607 0.161031544093955 0.608115465383718
ETS_class#ETS_class#ETS_class#ETS_class#0.384045199435007 0.19289758878014 0.372132848339396 0.0509243634454569 0.384045199435007 0.19289758878014 0.372132848339396 0.0509243634454569 0.384045199435007 0.19289758878014 0.372132848339396 0.0509243634454569 0.2925666789712 0.145785571280823 0.516446194226954 0.0452015555210223 0.243816270401936 0.120833100959376 0.600834790688774 0.0345158379499138 0.634724984850958 0.113607870259211 0.220783829527158 0.0308833153626717 0.384045199435007 0.19289758878014 0.372132848339396 0.0509243634454569 0.384045199435007 0.19289758878014 0.372132848339396 0.0509243634454569
HMG#HMG#HMG#HMG#0.162233333333333 0.0881166666666667 0.1722 0.57745 0.162233333333333 0.0881166666666667 0.1722 0.57745 0.162233333333333 0.0881166666666667 0.1722 0.57745 0.14417294921875 0.0802030456542969 0.382005529785156 0.393618475341797 0.162233333333333 0.0881166666666667 0.1722 0.57745 0.162233333333333 0.0881166666666667 0.1722 0.57745
Nuclear_receptor#Nuclear_receptor#Nuclear_receptor#Nuclear_receptor#0.266137768962816 0.177336288938149 0.368772812880215 0.18775312921882 0.266137768962816 0.177336288938149 0.368772812880215 0.18775312921882 0.266137768962816 0.177336288938149 0.368772812880215 0.18775312921882 0.266137768962816 0.177336288938149 0.368772812880215 0.18775312921882 0.214002741182975 0.409790799529683 0.241679344314755 0.134527114972587 0.266137768962816 0.177336288938149 0.368772812880215 0.18775312921882
REL_class#REL_class#REL_class#REL_class#0.10293 0.24879 0.34217 0.30611 0.10293 0.24879 0.34217 0.30611 0.0742378894042969 0.168340206298828 0.534710780029297 0.222711124267578 0.10293 0.24879 0.34217 0.30611 0.10293 0.24879 0.34217 0.30611 0.10293 0.24879 0.34217 0.30611 0.0810616076660156 0.201028524169922 0.264567152099609 0.453342716064453 0.10293 0.24879 0.34217 0.30611 0.0590384069824219 0.603846165771484 0.157510140380859 0.179605286865234 0.0701469671630859 0.600273103637695 0.167533941040039 0.16204598815918
bHLH#bHLH#bHLH#bHLH#0.235605890147254 0.292894822370559 0.304557613940348 0.166941673541839 0.235605890147254 0.292894822370559 0.304557613940348 0.166941673541839 0.163336624842982 0.517757048981719 0.198905566621293 0.120000759554006 0.445416954354141 0.195032647391865 0.228663500992674 0.13088689726132 0.235605890147254 0.292894822370559 0.304557613940348 0.166941673541839 0.235605890147254 0.292894822370559 0.304557613940348 0.166941673541839 0.111220368728975 0.123739380120627 0.101003750637131 0.664036500513267 0.131066967325123 0.14505301444792 0.630149687470214 0.093730330756743
MA0001###JASPAR#0.000586283329835872 0.967908929057957 0.0105005591186052 0.021004228493602 0.0319725089466449 0.771515968411239 0.000400408149994526 0.196111114492121 0.81059460885746 0.0426497862511074 0.0318851067847812 0.114870498106652 0.412048063573149 0.0332033747250272 0.0425434417331342 0.51220511996869 0.678220837878198 0.0117186742959563 0.011261782203753 0.298798705622093 0.494253812868571 0.0216063843559973 0.000763843477386789 0.483375959298045 0.665131154011205 0.0541325284033706 0.053058006837196 0.227678310748228 0.114812573452586 0.021527200875823 0.0314719649934277 0.832188260678164 0.668581369242717 0.0318308358339919 0.287840404215547 0.0117473907077435 0.000602522646028971 0.0311867439869753 0.906022636976439 0.0621880963905571
MA0002###JASPAR#0.389938343338102 0.183486224615086 0.0312048259534334 0.395370606093379 0.10481526001155 0.234666601259109 0.033226213957134 0.627291924772207 0.0789963460107993 0.0533417539986951 0.00286518900017989 0.864796710990326 0.000533561260379546 0.000864737215097885 0.969710099069696 0.0288916024548268 0.0268123972485637 0.366459451920805 0.00290515548304508 0.603822995347586 0.000334405759621782 0.000541967955249095 0.997405472554659 0.00171815373047053 0.000334405759621782 0.000541967955249095 0.997405472554659 0.00171815373047053 0.0271437014752661 0.0278888222766898 0.0307865142822266 0.914180961965817 0.130679035744472 0.36397773898833 0.0323901929353413 0.472953032331857
MA0003#AP2alpha#vertebrate#JASPAR#7.87481531366572e-05 0.000296306610107422 0.999555540084839 6.94051519170538e-05 7.87481531366572e-05 0.999555540084839 0.000296306610107422 6.94051519170538e-05 7.87481531366572e-05 0.999555540084839 0.000296306610107422 6.94051519170538e-05 0.118690236409505 0.38407780415303 0.251392838761613 0.245839120675852 0.102773944751636 0.309924780355917 0.331118949683937 0.256182325208509 0.294567152830932 0.240155885026262 0.362703039839461 0.102573922303346 0.28476995863356 0.164427978928025 0.4910164626869 0.0597855997515154 0.102723785778424 0.0883207140742121 0.738548189884907 0.0704073102624567 0.053760205518018 0.419704787795608 0.42463098474451 0.101904021941864
MA0004#ARNT#vertebrate#JASPAR#0.199904386202494 0.794263172149658 0.00392016569773356 0.00191227595011393 0.943626050154368 0.00252156257629395 0.0524515191713969 0.00140086809794108 0.00144904851913452 0.994707822799683 0.0025830864906311 0.00126004219055176 0.001544189453125 0.0024169921875 0.994696044921875 0.0013427734375 0.00108246803283691 0.00169429779052734 0.00192961692810059 0.995293617248535 0.001544189453125 0.0024169921875 0.994696044921875 0.0013427734375
MA0005#Agamous#plant#JASPAR#0.000586475025523793 0.965265424323804 0.0226000853259154 0.0115480153247564 0.0228477213117811 0.953966878520118 0.000484988424513075 0.0227004117435879 0.419681171455769 0.103091611765852 0.0806788107361456 0.396548406042234 0.67471121537565 0.0571176114708486 0.0238007208313605 0.244370452322141 0.808815093233128 0.0121750085040776 0.0120340648323599 0.166975833430435 0.344084361105254 0.0351086279358527 0.0458680297389175 0.574938981219976 0.259438223790641 0.183731202404908 0.19121848982994 0.365612083974511 0.227001899179786 0.150694791235105 0.284476879389599 0.33782643019551 0.244626819726193 0.000797891857648137 0.709515327395815 0.0450599610203444 0.0117323374507403 0.000530315167976148 0.909621899537366 0.0781154478439177 0.300073473381274 0.275573576339568 0.108449438846473 0.315903511432686
MA0006#Ahr-ARNT#vertebrate#JASPAR#0.121927976608276 0.329851706822713 0.0956214269002279 0.452598889668783 0.000342031319936117 0.00353432363933987 0.950808644294739 0.0453150007459852 0.000140269597371419 0.953330384360419 0.00336647033691406 0.0431628757052951 0.000342031319936117 0.00353432363933987 0.950808644294739 0.0453150007459852 0.00011784831682841 0.00121776594056023 0.00282835960388184 0.99583602613873 0.000206540028254191 0.00213424695862664 0.995043039321899 0.00261617369121975
MA0007#Androgen#vertebrate#JASPAR#0.352466178662849 0.292765877463601 0.11795847343676 0.23680947043679 0.369622772390192 0.0980223453406132 0.130377227609808 0.401977654659387 0.439270178476969 0.145184516906738 0.13419516881307 0.281350135803223 0.660437141404007 0.0459474686420325 0.290165191346949 0.00345019860701128 0.00195410576733676 0.00194165923378684 0.911974323518348 0.0841299114805279 0.481242613358931 0.254207264293324 0.0565673943721887 0.207982727975556 0.866815406264681 0.0863388234918768 0.00287131649075132 0.0439744537526911 0.00180097601630471 0.995732719247991 0.00122741677544334 0.00123888796026056 0.620123548941179 0.00439726222645153 0.33138839042548 0.0440907984068899 0.181027788104433 0.36625844782049 0.0964456616025982 0.356268102472479 0.222418525002219 0.432560429428563 0.102213483868223 0.242807561700994 0.25140079946229 0.372646656903354 0.369901089957266 0.00605145367709073 0.131093971657031 0.211413802522602 0.0473588379946622 0.610133387825706 0.00147486636132905 0.00146547230807218 0.996045103578856 0.00101455775174228 0.167726689215862 0.00239657271992077 0.0016438030835354 0.828232934980682 0.444192871902928 0.215985818342729 0.0558071280970718 0.284014181657271 0.0448009498191602 0.909051519451719 0.0436401042071256 0.00250742652199485 0.132802045706547 0.649862260529489 0.0489542917771773 0.168381401986787 0.297348484848485 0.295454545454545 0.202651515151515 0.204545454545455 0.260788079464074 0.22818339954723 0.335731390750769 0.175297130237926 0.413172382296938 0.453563357844497 0.00593473694541238 0.127329522913153 0.222174037586559 0.433007789380623 0.242637923269561 0.102180249763258
MA0008###JASPAR#0.125156755447388 0.511233515739441 0.157421622276306 0.206188106536865 0.827371654510498 0.0414777851104736 0.000940408706665039 0.130210151672363 0.995701169967651 0.000648236274719238 0.000238823890686035 0.00341176986694336 0.00349419116973877 0.000897157192230225 0.000330531597137451 0.995278120040894 0.00462986946105957 0.198686118125916 0.000437960624694824 0.79624605178833 0.955661268234253 0.000698609352111816 0.039963231086731 0.0036768913269043 0.04604248046875 0.001739501953125 0.000640869140625 0.9515771484375 0.00385534286499023 0.000989885330200195 0.0795311069488525 0.915623664855957
MA0009###JASPAR#0.0519577687436884 0.694421411644329 0.201431486823342 0.0521893327886408 0.0262083313681863 0.0253717942671342 0.00181249705227939 0.9466073773124 0.997687217864123 0.000305998867208307 0.00111013542522084 0.000896647843447599 0.000998580997640436 0.000373382459987294 0.997533939101479 0.001094097440893 0.000998580997640436 0.000373382459987294 0.997533939101479 0.001094097440893 0.000862362709912387 0.000322448665445501 0.00116981376301159 0.997645374861631 0.000998580997640436 0.000373382459987294 0.997533939101479 0.001094097440893 0.0010059963573109 0.0501837036826394 0.00136465592817827 0.947445644031871 0.0294045881791548 0.173560038479892 0.693562524968928 0.103472848372026 0.997687217864123 0.000305998867208307 0.00111013542522084 0.000896647843447599 0.771680342067372 0.124823734977029 0.00229144529862837 0.101204477656971
MA0010###JASPAR#0.366774059477307 0.114019000341022 0.389194549076141 0.130012391105531 0.142334771534753 0.112335568382626 0.113560025654142 0.631769634428478 0.515873015873016 0.126984126984127 0.142857142857143 0.214285714285714 0.736619374108693 0.0199555896577381 0.116100008525546 0.127325027708023 0.342494298541357 0.00637284536210317 0.00716945103236607 0.643963405064174 0.654569535028367 0.0101870582217262 0.011460440499442 0.323782966250465 0.449767582000248 0.112294030567956 0.421968974764385 0.0159694126674107 0.736619374108693 0.0199555896577381 0.116100008525546 0.127325027708023 0.119980872623504 0.872192867218502 0.00313050406319754 0.00469575609479632 0.983424989003984 0.00434754386780754 0.00489098685128348 0.00733648027692522 0.868754250662667 0.0068543449280754 0.11282469734313 0.0115667070661272 0.549987914070251 0.0178164527529762 0.306608654203869 0.125586978972904 0.44885259961325 0.00783672030009921 0.00881631033761161 0.534494369749039 0.278935144818018 0.293481009347098 0.206894405304439 0.220689440530444
MA0011###JASPAR#0.25 0.177083333333333 0.0625 0.510416666666667 0.334421793619792 0.171806971232096 0.073052724202474 0.420718510945638 0.00538921356201172 0.819186647733053 0.00134730339050293 0.174076835314433 0.0095367431640625 0.0869096120198568 0.00238418579101562 0.901169459025065 0.990782499313354 0.0021763543287913 0.000768125057220459 0.00627302130063375 0.11285400390625 0.099938710530599 0.148216247558594 0.638991038004557 0.173695882161458 0.0149370829264323 0.0815760294596354 0.729791005452474 0.143025716145833 0.170397440592448 0.0758717854817708 0.610705057779948
MA0012###JASPAR#0.279350280761719 0.0913379553592566 0.0877803455699574 0.541531418309067 0.73370361328125 0.16567900686553 0.0858024828361742 0.0148148970170455 0.817081451416016 0.00738721905332623 0.00590977524266098 0.169621554287997 0.988567352294922 0.00346443869850852 0.00277155095880682 0.00519665804776278 0.00805807113647461 0.822345054510868 0.0839437932679147 0.0856530810847427 0.33942985534668 0.00554229273940578 0.00443383419152462 0.65059401772239 0.817081451416016 0.00738721905332623 0.00590977524266098 0.169621554287997 0.5 0.0125237667199337 0.315800059925426 0.17167617335464 0.5 0.151515151515152 0.121212121212121 0.227272727272727 0.457438151041667 0.17666533499053 0.132819898200758 0.233076615767045 0.194661458333333 0.24172881155303 0.391853101325758 0.171756628787879
MA0013###JASPAR#0.204383040919448 0.157614736845999 0.0120692397608902 0.625932982473662 0.637234774502841 0.0183949326023911 0.0294318921638258 0.314938400730942 0.344731417569247 0.00407074436996922 0.637357307202888 0.0138405308578954 0.192886930523497 0.005244052771366 0.00839048443418561 0.793478532270952 0.803884795217803 0.00774961529356061 0.16201689749053 0.0263486919981061 0.971287467262962 0.00478542212283973 0.00765667539654356 0.0162704352176551 0.803884795217803 0.00774961529356061 0.16201689749053 0.0263486919981061 0.204796299789891 0.457294810901989 0.16209111069188 0.175817778616241 0.545454545454545 0.0757575757575758 0.121212121212121 0.257575757575758 0.780252167672822 0.0139687278053977 0.0223499644886364 0.183429140033144 0.518155184659091 0.130356297348485 0.0484138257575758 0.303074692234849
MA0014#Bsap#vertebrate#JASPAR#0.297782643636068 0.148161061604818 0.347971852620443 0.206084442138672 0.330931997299194 0.00720400810241699 0.656355047225952 0.00550894737243652 0.2625 0.2125 0.3625 0.1625 0.120615069071452 0.176203854878743 0.405395444234212 0.297785631815592 0.174322541554769 0.553708426157633 0.105635229746501 0.166333802541097 0.551304340362549 0.171242237091064 0.111202716827393 0.166250705718994 0.198394203186035 0.349073219299316 0.28724536895752 0.165287208557129 0.00892810821533203 0.248724555969238 0.173327318827311 0.569020016988119 0.110565376281738 0.173633003234863 0.620435523986816 0.095366096496582 0.44636173248291 0.112505022684733 0.275407600402832 0.165725644429525 0.48831000328064 0.0104594707489014 0.176305786768595 0.324924739201864 0.00418767929077148 0.0033900260925293 0.989829921722412 0.00259237289428711 0.172751665115356 0.637829065322876 0.101059198379517 0.088360071182251 0.250402092933655 0.00683557987213135 0.737535119056702 0.00522720813751221 0.0901652654012044 0.00810298919677734 0.334445508321126 0.567286237080892 0.482705545425415 0.0927390893300374 0.412722317377726 0.0118330478668213 0.369764582316081 0.122629674275716 0.400187555948893 0.10741818745931 0.168363483746847 0.822340909639994 0.00641839504241943 0.00287721157073975 0.174674224853516 0.399607086181641 0.412140655517578 0.0135780334472656 0.406573708852132 0.0139119148254395 0.49099817276001 0.0885162035624186
MA0015###JASPAR#0.312796953320503 0.162058582901955 0.497768837213516 0.0273756265640259 0.014071963429451 0.0253121227025986 0.0131355953216553 0.947480318546295 0.923470803797245 0.025185663998127 0.050276808142662 0.00106672406196594 0.00117564648389816 0.112438555061817 0.0503358989953995 0.836049899458885 0.973757892251015 0.0251385718584061 0.000307377576828003 0.000796158313751221 0.0141517090797424 0.0502086997032166 0.013167839050293 0.922471752166748 0.51167998611927 0.025366672873497 0.448413306474686 0.014540034532547 0.0269891458749771 0.112388250231743 0.0133343982696533 0.847288205623627 0.659614511728287 0.0380343496799469 0.249073793888092 0.0532773447036743 0.153406051397324 0.358114963769913 0.186928925514221 0.301550059318542
MA0016###JASPAR#0.00118444342362253 0.0279102325439453 0.969675325092516 0.00122999893991571 0.0275264840377005 0.00230608488384046 0.942583294918663 0.0275841361597965 0.000811662172016345 0.0012487110338713 0.997096746846249 0.000842879947863127 0.000811662172016345 0.0012487110338713 0.997096746846249 0.000842879947863127 0.000353352647078665 0.000543619457044099 0.00131827718333194 0.997784750712545 0.000758678034732216 0.943283231634843 0.0290003425196597 0.0269577478107653 0.917664728666607 0.000909504137541118 0.0808118519030119 0.000613915292840255 0.131659061030338 0.651085075579192 0.0855166886982165 0.131739174692254 0.135368909333882 0.210526315789474 0.529677862870066 0.124426912006579 0.136842105263158 0.210526315789474 0.510526315789474 0.142105263157895
MA0017#COUP-TF#vertebrate#JASPAR#0.00401423527644231 0.00559880183293269 0.15447998046875 0.835906982421875 0.0785963037511805 0.00369504257872864 0.913734739953345 0.0039739137167459 0.913658708006471 0.00383973383641505 0.0783720330877618 0.00412952506935203 0.456310335096422 0.533347066942152 0.00386426737020304 0.00647833059122274 0.00256365472143823 0.991297066866696 0.00229379632970789 0.00384548208215734 0.0053104987511268 0.232306480407715 0.00475149888258714 0.757631521958571 0.00482146294562371 0.157018168941959 0.0043139405302949 0.833846427582122 0.0793165269788805 0.00528553553989955 0.00339072091238839 0.912007216568832 0.154599451756739 0.00399247892610319 0.83711427122682 0.0042937980903374 0.452151455722012 0.3070801116608 0.229136708018544 0.0116317245986435 0.437604296338427 0.375770149650155 0.0873292357057006 0.0992963183057177 0.0846431857936985 0.741245374574766 0.0833565009819282 0.0907549386496072 0.229060581752232 0.448296431656722 0.0145235166444883 0.308119469946557 0.0129411299150069 0.234515347323575 0.228044782366071 0.524498740395347
MA0018###JASPAR#0.0104344685872396 0.425109068552653 0.314782540003459 0.249673922856649 0.166666666666667 0.239583333333333 0.348958333333333 0.244791666666667 0.0103797912597656 0.190743684768677 0.373378157615662 0.425498366355896 0.126489957173665 0.189362446467082 0.675394097963969 0.00875349839528402 0.291485945383708 0.0880170663197835 0.424741466840108 0.195755521456401 0.00144656499226888 0.00207943717638652 0.00302874545256297 0.993445252378782 0.00268936157226562 0.00386595726013184 0.928003191947937 0.0654414892196655 0.993919134140015 0.00174824893474579 0.00254636257886887 0.0017862543463707 0.00143003463745117 0.993475466966629 0.00299413502216339 0.00210036337375641 0.00182898839314779 0.00262917081514994 0.992855514089266 0.00268632670243581 0.0647625923156738 0.310916185379028 0.00757968425750732 0.616741538047791 0.290111859639486 0.35421101252238 0.212286869684855 0.14339025815328
MA0019###JASPAR#0.346406463883881 0.197688958583734 0.288623777210203 0.167280800322182 0.284643287332649 0.195039211175381 0.333794879098224 0.186522622393747 0.455778684371557 0.083655284001277 0.378631200545873 0.0819348310812926 0.00113221875622741 0.0265696079303057 0.000814545867789505 0.971483627445677 0.00107401099979368 0.00097356392787053 0.971608269927848 0.0263441551444877 0.104156539990352 0.841429031812228 0.00174993123763647 0.0526644969597841 0.971208408857003 0.026774036578643 0.000993869243524013 0.00102368532082973 0.918738347852332 0.0527924085274721 0.0269440789508004 0.00152516466939551 0.00137184776811518 0.154379101899954 0.000986940840370635 0.84326210949156 0.354609823634482 0.424158340845353 0.134225176949786 0.0870066585703793 0.108828895112388 0.579417008620042 0.230218479775975 0.0815356164915949 0.00275346764132508 0.662982170398419 0.154400809198363 0.179863552761893
MA0020###JASPAR#0.993793426998078 0.00234210301959325 0.00304473392547123 0.000819736056857639 0.993793426998078 0.00234210301959325 0.00304473392547123 0.000819736056857639 0.993793426998078 0.00234210301959325 0.00304473392547123 0.000819736056857639 0.00337676018003434 0.000925139775351873 0.995374301123241 0.000323798921373155 0.153801312522283 0.653931632874504 0.0980238838801308 0.0942431707230825 0.351463983929346 0.276356530567956 0.147536020430308 0.22464346507239
MA0021###JASPAR#0.993963082631429 0.00169457329644097 0.00349505742390951 0.000847286648220486 0.993963082631429 0.00169457329644097 0.00349505742390951 0.000847286648220486 0.993963082631429 0.00169457329644097 0.00349505742390951 0.000847286648220486 0.00359830402192615 0.000834389338417659 0.995150111970447 0.000417194669208829 0.00458352906363351 0.473267646062942 0.143853562218802 0.378295262654622 0.300951367332822 0.276479690793961 0.418875103905087 0.00369383796812996
MA0022###JASPAR#0.00532296987680288 0.366650361281175 0.446900294377254 0.181126374464769 0.001220703125 0.005035400390625 0.908733661358173 0.0850102351262019 0.00211901542467949 0.0824854924128606 0.824433938050881 0.0909615541115785 0.00180669931265024 0.00745263466468224 0.75342215024508 0.237318515777588 0.0698985564403045 0.113801809457632 0.255355052458934 0.560944581643129 0.0756824199969952 0.0102354196401743 0.161910423865685 0.752171736497146 0.0764387326362806 0.00399584036607009 0.00605430358495468 0.913511123412695 0.000849210298978365 0.00350299248328576 0.00530756436861478 0.990340232849121 0.00156813401442308 0.230181180513822 0.00980083759014423 0.758449847881611 0.0762402461125301 0.679504614609938 0.00853538513183594 0.235719754145696 0.0756388933230669 0.668229249807505 0.0891228211231721 0.167009035746257 0.226347849919246 0.380351910224328 0.383036320026104 0.0102639198303223
MA0023###JASPAR#0.00692316691080729 0.121990373399523 0.739205847846137 0.131880611843533 0.0039618174235026 0.0118854522705078 0.755704794989692 0.228447935316298 0.00167753431532118 0.00503260294596354 0.985860782199436 0.00742908053927951 0.003118896484375 0.009356689453125 0.867056613498264 0.120467800564236 0.430697801378038 0.11569332546658 0.0129135131835937 0.440695359971788 0.215752241346571 0.116585710313585 0.0154284159342448 0.652233632405599 0.00167753431532118 0.00503260294596354 0.00742908053927951 0.985860782199436 0.00264744228786892 0.115271377563477 0.0117243872748481 0.870356792873806 0.00132921006944444 0.986897786458333 0.00588650173611111 0.00588650173611111 0.110463184780545 0.876146337721083 0.0066952387491862 0.0066952387491862
MA0024###JASPAR#3.15948768898293e-05 0.00635057025485569 0.00635057025485569 0.98714088510584 3.15948768898293e-05 0.00635057025485569 0.00635057025485569 0.98714088510584 3.15948768898293e-05 0.00635057025485569 0.00635057025485569 0.98714088510584 6.53531816270616e-05 0.396196444829305 0.587726672490438 0.0157501167721219 5.41769428017699e-05 0.203868233716046 0.782804238354718 0.0130566432152265 2.72150392885561e-05 0.987834877438015 0.00547022289699978 0.00655882446854203 2.72150392885561e-05 0.00547022289699978 0.987834877438015 0.00655882446854203 4.53642856927566e-05 0.882661770008229 0.106178615711353 0.0109327928519543
MA0025###JASPAR#0.0472673936323686 0.0015476739453704 0.00202798654910604 0.949156945873155 0.00373635273205904 0.00132139303938673 0.0876855661746541 0.9072566880539 0.949528931629045 0.00126744635962686 0.00166079178158002 0.0475428302297479 0.00354038585316051 0.345278736159736 0.00164066661487926 0.649540211372225 0.0885547366538067 0.000772470542093511 0.907902553618661 0.0027702391854388 0.00268728082830256 0.000950379805131392 0.00124532526189631 0.99511701410467 0.995419304361456 0.000776843119986915 0.00101793236412078 0.00278592015443583 0.951161561747313 0.000971532150690735 0.0443827908029669 0.00348411529902884 0.00475235136130111 0.472928963159855 0.173565310451824 0.348753375027019 0.306138170566483 0.208081513054286 0.290383139146647 0.195397177232584 0.25429103685462 0.181858228600543 0.13726806640625 0.426582668138587
MA0026###JASPAR#0.127019289160977 0.688602303256508 0.127019289160977 0.0573591184215385 0.295637082652885 0.697732652936663 0.00635400339334953 0.000276261017102153 0.00431501564859342 0.00234511720032251 0.993152257775058 0.000187609376025801 0.00431501564859342 0.00234511720032251 0.993152257775058 0.000187609376025801 0.993152257775058 0.00234511720032251 0.00431501564859342 0.000187609376025801 0.993152257775058 0.00234511720032251 0.00431501564859342 0.000187609376025801 0.306769619468881 0.0795267569918592 0.560630990677521 0.0530726328617384
MA0027#EN-1#vertebrate#JASPAR#0.245454545454545 0.154545454545455 0.290909090909091 0.309090909090909 0.453474842418324 0.191691936146129 0.216616127707741 0.138217093727805 0.298327914151278 0.00473757657137784 0.687459356134588 0.00947515314275568 0.00815360329367898 0.00513375022194602 0.203019853071733 0.783692793412642 0.378038302334872 0.0219616976651278 0.298708135431463 0.301291864568537 0.298327914151278 0.00473757657137784 0.687459356134588 0.00947515314275568 0.298218675093217 0.00504708723588423 0.00950039950284091 0.687233838168057 0.245454545454545 0.154545454545455 0.290909090909091 0.309090909090909 0.163267933238636 0.236732066761364 0.296045754172585 0.303954245827415 0.120119406960227 0.366048500754616 0.126406721635298 0.387425370649858 0.111497913707386 0.564787639271129 0.115091011740945 0.20862343528054
MA0028###JASPAR#0.339285714285714 0.232142857142857 0.335714285714286 0.0928571428571429 0.353855405535017 0.217573165893555 0.236640385219029 0.1919310433524 0.326957702636719 0.170502798897879 0.35050789969308 0.152031598772321 0.182083742959159 0.668814999716623 0.0422706059047154 0.106830651419503 0.0751399823597499 0.848482898303441 0.0398710659572056 0.0365060533796038 0.00231286457606724 0.00158248628888811 0.853588349478585 0.142516299656459 0.0382429957389832 0.00193371943065098 0.959049797058106 0.000773487772260393 0.959030968802316 0.00195176260811942 0.038236563546317 0.000780705043247768 0.744888084275382 0.179238200187683 0.00417843546186175 0.0716952800750732 0.461685998099191 0.00482804434640067 0.496583230154855 0.0369027273995536
MA0029###JASPAR#0.555555555555556 0.082010582010582 0.198412698412698 0.164021164021164 0.713953088831018 0.0435426096436839 0.0920600689277447 0.150444232597553 0.0032451417711046 0.037299738989936 0.921676335511384 0.0377787837275752 0.995505015055339 0.000829431745741102 0.00200668970743815 0.0016588634914822 0.0411299952754268 0.368094184411266 0.00156618299938384 0.589209637313924 0.995505015055339 0.000829431745741102 0.00200668970743815 0.0016588634914822 0.956510967678494 0.00129877827154896 0.0395926975068592 0.00259755654309792 0.00238709979587131 0.000352381398438146 0.996555756008814 0.000704762796876292 0.995505015055339 0.000829431745741102 0.00200668970743815 0.0016588634914822 0.00255306561787923 0.110977379102556 0.000911809149242583 0.885557746130323 0.881220711602105 0.0380716323852539 0.00456439124213325 0.0761432647705078 0.845708211263021 0.0017004719486943 0.149190372890896 0.0034009438973886 0.238975101047092 0.250350982423813 0.256201194076942 0.254472722452154 0.555555555555556 0.202574492762328 0.123344603038969 0.118525348643146
MA0030###JASPAR#0.0460171169704861 0.366711086697049 0.257018195258247 0.330253601074219 0.443764160543084 0.213747607431546 0.161116523160914 0.181371708864456 0.581543029192817 0.161268730261794 0.0986168888399544 0.158571351705435 0.486631016042781 0.18716577540107 0.147058823529412 0.179144385026738 0.142888125251321 0.4941727847339 0.35960213768291 0.00333695233186936 0.261229237983146 0.00162162882758972 0.73559700274 0.00155213044926444 0.00200590220364657 0.000771500847556374 0.000606179237365723 0.996616417711431 0.995731292561414 0.00155629958698456 0.00122280681834501 0.00148960103325665 0.995731292561414 0.00155629958698456 0.00122280681834501 0.00148960103325665 0.995731292561414 0.00155629958698456 0.00122280681834501 0.00148960103325665 0.00258740384310962 0.921997958349695 0.000781907754785874 0.0746327300524093 0.995731292561414 0.00155629958698456 0.00122280681834501 0.00148960103325665 0.542069409242548 0.166752011923772 0.108873687278731 0.182304891554949 0.279814691632355 0.151675517640744 0.215427111956029 0.353082678770873
MA0031###JASPAR#0.0566659688949585 0.0512819170951843 0.84017196893692 0.051880145072937 0.00317991375923157 0.000850442051887512 0.000776490569114685 0.995193153619766 0.941860747337341 0.0518498301506043 0.00258976221084595 0.0036996603012085 0.993651175498962 0.00197328329086304 0.00180169343948364 0.00257384777069092 0.888608264923096 0.052946138381958 0.0525533199310303 0.00589227676391602 0.0553463041782379 0.891706374287605 0.00143938958644867 0.0515079319477081 0.993651175498962 0.00197328329086304 0.00180169343948364 0.00257384777069092 0.379108047485352 0.106791877746582 0.147089195251465 0.367010879516602
MA0032###JASPAR#0.3046875 0.15625 0.2890625 0.25 0.155255913734436 0.286190509796143 0.360529780387878 0.198023796081543 0.282170295715332 0.194850921630859 0.247244834899902 0.275733947753906 0.362999796867371 0.233999729156494 0.308499932289124 0.0945005416870117 0.397418737411499 0.178069114685059 0.174512147903442 0.25 0.00291618704795837 0.00149548053741455 0.993195563554764 0.00239276885986328 0.00267515704035759 0.00137187540531158 0.00253796949982643 0.993414998054504 0.993105731904507 0.00154927372932434 0.00286615639925003 0.00247883796691895
MA0033###JASPAR#0.323471649833348 0.0555191869321077 0.165413566257643 0.455595596976902 0.451086956521739 0.135869565217391 0.108695652173913 0.304347826086957 0.288219700688901 0.131216215050739 0.238989456840183 0.341574627420177 0.553160169850225 0.16989396966022 0.167023202647334 0.109922657842221 0.188995921093485 0.418516760287078 0.0881394925324813 0.304347826086957 0.907496877338575 0.0016313532124395 0.0872175382531208 0.00365423119586447 0.00374222320059071 0.0873623049777487 0.000901740530262823 0.907993731291398 0.950468529825625 0.0445847614951756 0.00130176544189453 0.00364494323730469
MA0034###JASPAR#0.172506866455078 0.248254531860352 0.423741073608398 0.155497528076172 0.391755981445313 0.235449279785156 0.259389953613281 0.11340478515625 0.124546737670898 0.517196178436279 0.00341005325317383 0.354847030639648 0.91116828918457 0.0452359428405762 0.0422079277038574 0.00138784027099609 0.9957373046875 0.00247769165039062 0.00119888305664062 0.00058612060546875 0.0435281372070312 0.95351704788208 0.00198457717895508 0.000970237731933594 0.141514892578125 0.543146667480469 0.234621276855469 0.0807171630859375 0.241021728515625 0.0031673583984375 0.755061645507813 0.000749267578125 0.398565979003906 0.437562164306641 0.00645309448242187 0.157418762207031 0.204987182617188 0.74790608215332 0.0443637847900391 0.00274295043945313
MA0035#GATA-1#vertebrate#JASPAR#0.246869117208997 0.249558838658363 0.291266579298103 0.212305464834537 0.000738530788781508 0.000338122529803582 0.998202611815255 0.000720734866160267 0.940983467881785 0.0380249353324842 0.00128976953854351 0.0197018272471878 0.0198896351100514 0.000504220806577671 0.0203275110736583 0.959278633009713 0.249361146171138 0.114838798091097 0.443966847545696 0.19183320819207 0.119628186495799 0.293963450305867 0.412908590064859 0.173499773133476
MA0036#GATA-2#vertebrate#JASPAR#0.251715102285709 0.234991685399469 0.337564374815743 0.175728837499079 0.00102332852921396 0.0943396226415094 0.903863867273871 0.000773181555406103 0.978742113653219 0.000351464973305756 0.0199504366460836 0.000955984727391657 0.000764621878569981 0.000212394966269439 0.00069665548936376 0.998326327665797 0.460449650602521 0.128861625239534 0.285268560445534 0.125420163712412
MA0037#GATA-3#vertebrate#JASPAR#0.396311926463294 0.218884664868552 0.0680619497147817 0.316741458953373 0.00080214606391059 0.0159475008646647 0.982643013908749 0.000607339162675161 0.965361413501558 0.000243179381839813 0.017242499760219 0.0171529073563833 0.00112780818232784 0.000153059681887349 0.0800337085017452 0.91868542363404 0.613375769721137 0.0166574205671038 0.0688622187054346 0.301104591006324 0.242369616473163 0.0477045351866061 0.577983442437712 0.131942405902519
MA0038###JASPAR#0.182353181659051 0.371819168666624 0.166675855528634 0.279151794145692 0.522632814803213 0.300833964797686 0.131265604271079 0.0452676161280218 0.998167649754938 0.000841735893825315 0.000343565670949108 0.000647048680287487 0.998167649754938 0.000841735893825315 0.000343565670949108 0.000647048680287487 0.0201110300028099 0.000913682523763405 0.0191787008969289 0.959796586576498 0.0201362213998471 0.978766701806266 0.000380489061463554 0.000716587732423027 0.574584385134139 0.140022853635392 0.0418643591538915 0.243528402076577 0.15774860022203 0.521339639627709 0.204929783659161 0.1159819764911 0.361012440807415 0.212212638135226 0.0427795985959611 0.383995322461398 0.135731247236144 0.245726934468971 0.522557096661262 0.0959847216336232
MA0039#Gklf#vertebrate#JASPAR#0.368194735780054 0.182422968806053 0.0445890232008331 0.40479327221306 0.665429874342315 0.00226568105269452 0.270276003467793 0.0620284411371971 0.596091757015306 0.0614264040577168 0.315814333545918 0.0266675053810587 0.463319739516901 0.0331509959941008 0.392609514508929 0.11091974998007 0.275138465725646 0.119280780091578 0.581785894899952 0.0237948592828245 0.424861985809949 0.0741182288345025 0.442669802295918 0.0583499830596301 0.726704266606545 0.0811190352147939 0.110486976467833 0.0816897217108279 0.634319383270886 0.0428779290646923 0.278050574477838 0.0447521131865832 0.274544307163784 0.0225637396987604 0.65992005017339 0.0429719029640665 0.0440202829789142 0.0207445786923778 0.934578327256806 0.000656811071901905
MA0040###JASPAR#0.224571150962753 0.201081863557449 0.166079434481534 0.408267550998264 0.709898919770212 0.0551663986360184 0.166536947693488 0.0683977339002821 0.275663799709744 0.106883154975043 0.00966389973958333 0.607789145575629 0.16989499872381 0.00172177709714331 0.00688710838857323 0.821496115790473 0.00152587890625 0.000254313151041667 0.994723002115885 0.00349680582682292 0.00399456602154356 0.000665761003590593 0.00266304401436237 0.992676628960503 0.00399456602154356 0.000665761003590593 0.00266304401436237 0.992676628960503 0.00399456602154356 0.000665761003590593 0.00266304401436237 0.992676628960503 0.937861599103369 0.000378868796608665 0.0565500861466533 0.00520944595336914 0.0091543486624053 0.0549834087641552 0.219933635056621 0.715928607516819 0.298071658972538 0.0156718552714646 0.164707684757734 0.521548800998264
MA0041#HFH-2#vertebrate#JASPAR#0.233326003906575 0.0636970929220213 0.54743255621998 0.155544346951424 0.633995964172039 0.042671283086141 0.00160267167057551 0.321730081071245 0.506640063955429 0.021691712927311 0.00207558591315087 0.469592637204109 0.0231395934490447 0.084765835011259 0.0019030621711244 0.890191509368572 0.254954404019295 0.000289925446747043 0.72047694355038 0.0242787269835776 0.00108773403979362 0.000321140526034308 0.00098414032171804 0.997606985112454 0.0227142191947775 0.000479207816698872 0.00146854008343203 0.975338032905092 0.110975224921044 0.00316354738059619 0.210214709559231 0.675646518139129 0.295832552808396 0.00100370501795559 0.441725230386071 0.261438511787577 0.128585074810272 0.147449760572285 0.00266431916690042 0.721300845450543 0.026634267035951 0.042956457070425 0.0878140233087202 0.842595252584904 0.0011940839442801 0.254034087167564 0.00108036166387247 0.743691467224283
MA0042###JASPAR#0.190785551583895 0.032895641942178 0.433548209487751 0.342770596986176 0.129904936718684 0.25163842785743 0.38225737438407 0.236199261039816 0.345592211651546 0.124852334299395 0.256417879494288 0.273137574554772 0.00145749122865738 0.000370548617455267 0.00205036901658581 0.996121591137302 0.417932304002905 0.000219979593830724 0.578694675558357 0.00315304084490704 0.00145749122865738 0.000370548617455267 0.00205036901658581 0.996121591137302 0.00145749122865738 0.000370548617455267 0.00205036901658581 0.996121591137302 0.00145749122865738 0.000370548617455267 0.00205036901658581 0.996121591137302 0.482102359494855 0.000219248956249606 0.514535823175984 0.00314256837291102 0.0038557872977308 0.000980284906202747 0.225741099285823 0.769422828510243 0.230404884584488 0.034500737344065 0.155196774390436 0.579897603681011 0.0772667546426096 0.0333509752827306 0.141782883674868 0.747599386399792
MA0043###JASPAR#0.0734298847339771 0.219719816137243 0.425855142098886 0.280995157029894 0.3327466028708 0.00240559489638717 0.660799362041332 0.00404844019148085 0.0586238702138265 0.00251601801978217 0.00270011689927843 0.936159994867113 0.00396457424870244 0.00262173458381935 0.167178224634241 0.826235466533237 0.700006767555519 0.0624092596548575 0.115837803593388 0.121746169196235 0.00418767222651729 0.823944842373883 0.0577169347692419 0.114150550630358 0.3327466028708 0.00240559489638717 0.660799362041332 0.00404844019148085 0.00403684156912344 0.495637606691431 0.00286485530711986 0.497460696432326 0.713891841747143 0.221601874740035 0.058391429759838 0.00611485375298394 0.821331836559154 0.00417001159102828 0.0588101987485532 0.115687953101264 0.123562777483905 0.168305043820982 0.0660411693431713 0.642091009351942 0.287037037037037 0.189814814814815 0.203703703703704 0.319444444444444
MA0044###JASPAR#0.00141114455003005 0.381793095515325 0.608328892634465 0.00846686730018029 0.00304852999173678 0.00914558997521034 0.230769230769231 0.757036649263822 0.00316326434795673 0.304529043344351 0.00948979304387019 0.682817899263822 0.00266456604003906 0.156510719886193 0.750578806950496 0.0902459071232722 0.00239049471341647 0.0817040663499099 0.0071714841402494 0.908733954796424 0.439207810621995 0.0858553372896635 0.230769230769231 0.244167621319111 0.223281860351563 0.377128014197716 0.0112310556265024 0.388359069824219 0.00750556358924279 0.0919342041015625 0.161351717435397 0.739208514873798 0.00507765549879808 0.589996337890625 0.0870783879206731 0.317847618689904
MA0045###JASPAR#0.254738943917411 0.330595425197056 0.273704733167376 0.140960897718157 0.5 0.0123603003365653 0.213309901101249 0.274329798562186 0.612908499581473 0.0920182636805943 0.098569529397147 0.196503707340785 0.24397713797433 0.40166357585362 0.276899644306728 0.0774596418653216 0.774811880929129 0.00647330284118652 0.21377466406141 0.00494015216827393 0.766767229352679 0.0112498147147042 0.146705763680594 0.0752771922520229 0.766767229352679 0.0112498147147042 0.146705763680594 0.0752771922520229 0.239661080496652 0.210320813315255 0.14801151411874 0.402006592069353 0.30481937953404 0.0801850727626256 0.538392680031913 0.0766028676714216 0.246233258928571 0.272735595703125 0.403113228934152 0.0779179164341518 0.566261291503906 0.343578747340611 0.0807942662920271 0.00936569486345564 0.537926810128348 0.117493493216378 0.245930944170271 0.0986487524850028 0.631937299455915 0.0129673140389579 0.147293329238892 0.207802057266235 0.63816887991769 0.350989512034825 0.00659286975860596 0.00424873828887939 0.774811880929129 0.00647330284118652 0.21377466406141 0.00494015216827393 0.152717454092843 0.490879212106977 0.00554642507008144 0.350856908730098
MA0046#HNF-1#vertebrate#JASPAR#0.239857264927455 0.00211443219866071 0.656094505673363 0.101933797200521 0.049567579412136 0.000721678441884566 0.946751860534253 0.00295888161172672 0.0519231063168065 0.00159409581398477 0.00244428024810999 0.944038517621099 0.0519231063168065 0.00159409581398477 0.00244428024810999 0.944038517621099 0.944516026243872 0.00127539342763473 0.00195560325570658 0.0522529770727871 0.745506585049791 0.0954923305381723 0.0516868124202806 0.107314271991756 0.0519231063168065 0.00159409581398477 0.00244428024810999 0.944038517621099 0.32312925170068 0.102040816326531 0.156462585034014 0.418367346938776 0.65211955868468 0.00432092316296636 0.0522280323262117 0.291331485826142 0.099439812355301 0.00188136587337572 0.00288476100584277 0.895794060765481 0.00397649752039488 0.189387885891661 0.00192546195724384 0.8047101546307 0.592166576255747 0.0525626876727253 0.144093052870562 0.211177683200966 0.378461948057421 0.368939704635516 0.143443127067722 0.109155220239341 0.23958835472055 0.609969469965721 0.00274733459057451 0.147694840723155
MA0047#HNF-3beta#vertebrate#JASPAR#0.348262113683364 0.40222661635455 0.174670948701746 0.0748403212603401 0.628653470207663 0.175400509553797 0.0618197497199563 0.134126270518583 0.436585071040135 0.173070271809896 0.0683444154028799 0.322000241747089 0.00477183098886527 0.0607945030810786 0.00269712186327168 0.931736544066784 0.642712177014818 0.00156681444130692 0.350616226009294 0.00510478253458061 0.00477183098886527 0.0607945030810786 0.00269712186327168 0.931736544066784 0.00477183098886527 0.0607945030810786 0.00269712186327168 0.931736544066784 0.00472624161664177 0.00318507587208467 0.348214934853946 0.643873747657327 0.526305815752815 0.00155297447653378 0.467081518734203 0.00505969103644876 0.004516788557464 0.52185105342491 0.00255296744552313 0.471079190572103 0.0735997592701631 0.0670808343326344 0.0649078593534582 0.794411547043744 0.00541868396833831 0.290701520209219 0.00306273441688687 0.700817061405556
MA0048#Hen-1#vertebrate#JASPAR#0.223239686754015 0.25853842276114 0.319857491387261 0.198364399097584 0.240128665794561 0.71960793601142 0.0390807449081798 0.00118265328583894 0.0576250464827926 0.0978850611933955 0.677619669172499 0.166870223151313 0.0189256439974279 0.979469802644518 0.00105852624516428 0.000546027112890173 0.998496356201761 0.000589450200398763 0.000603094880963549 0.000311098716877125 0.0191394958967044 0.0200088642261646 0.96001879962874 0.00083284024839048 0.0192538025202575 0.92260417231807 0.0571558795593403 0.000986145602332221 0.018894151037122 0.0194200365631669 0.000976644548369043 0.960709167851342 0.000485872780835187 0.00108194351196289 0.979402747419145 0.0190294362880566 0.0580259811731032 0.675951463204843 0.15321049572509 0.112812059896964 0.0376609688923683 0.0018461545308431 0.683279201572324 0.277213675004465 0.0962357579925914 0.315996381971571 0.229803944811409 0.357963915224428
MA0049###JASPAR#0.0763359069824219 0.308483123779297 0.490924835205078 0.124256134033203 0.388190221786499 0.482515287399292 0.124693250656128 0.00460124015808105 0.57172703742981 0.182531595230103 0.235094785690308 0.0106465816497803 0.267115712165833 0.185598254203796 0.0649451017379761 0.482340931892395 0.797029876708984 0.0699485778808594 0.0108863830566406 0.122135162353516 0.990792870521545 0.0037151575088501 0.00306904315948486 0.00242292881011963 0.990792870521545 0.0037151575088501 0.00306904315948486 0.00242292881011963 0.864624166488647 0.00644984245300293 0.124719572067261 0.00420641899108887 0.924336695671082 0.0661409139633179 0.0053213357925415 0.00420105457305908 0.64375 0.14375 0.11875 0.09375
MA0050#Irf-1#vertebrate#JASPAR#0.313155174255371 0.199331092834473 0.483723258972168 0.00379047393798828 0.940832614898682 0.00425291061401367 0.0533078193664551 0.00160665512084961 0.943011140823364 0.00324225425720215 0.00338635444641113 0.0503602504730225 0.993605311711629 0.0026400089263916 0.00275734265645345 0.000997336705525716 0.268684816360474 0.152368497848511 0.527630853652954 0.0513158321380615 0.00365658402442932 0.497906535863876 0.00131190419197083 0.497124975919723 0.0566900730133057 0.0518552303314209 0.890498971939087 0.000955724716186523 0.993605311711629 0.0026400089263916 0.00275734265645345 0.000997336705525716 0.94097908337911 0.0530689716339111 0.00437095959981283 0.00158098538716634 0.993605311711629 0.0026400089263916 0.00275734265645345 0.000997336705525716 0.0587876955668132 0.641803073883057 0.298153845469157 0.00125538508097331 0.0587016344070435 0.64188334941864 0.0525593042373657 0.246855711936951
MA0051#Irf-2#vertebrate#JASPAR#0.0110926451506438 0.329118128176089 0.575457555276376 0.0843316713968913 0.174812599464699 0.00432752679895472 0.817423308337176 0.00343656539916992 0.988930207711679 0.00324459429140444 0.00524860841256601 0.00257658958435059 0.903793405603479 0.00446623343008536 0.0072247893721969 0.0845155715942383 0.988930207711679 0.00324459429140444 0.00524860841256601 0.00257658958435059 0.174812599464699 0.00432752679895472 0.817423308337176 0.00343656539916992 0.0061070477520978 0.495480784663448 0.00335887626365379 0.495053291320801 0.00574986139933268 0.00195495287577311 0.990742723147074 0.00155246257781982 0.988930207711679 0.00324459429140444 0.00524860841256601 0.00257658958435059 0.988930207711679 0.00324459429140444 0.00524860841256601 0.00257658958435059 0.988930207711679 0.00324459429140444 0.00524860841256601 0.00257658958435059 0.00823338826497396 0.493907292683919 0.495636304219564 0.00222301483154297 0.00990849954110605 0.574217513755516 0.168549281579477 0.247324705123901 0.462962962962963 0.157407407407407 0.25462962962963 0.125 0.497088538275825 0.0123737123277452 0.173581388261583 0.316956361134847 0.494290952329282 0.0947514286747685 0.109737678810402 0.301219940185547 0.424670113457574 0.165065977308485 0.11294608645969 0.297317822774251 0.269111456694426 0.469255482708966 0.0987055919788502 0.162927468617757
MA0052###JASPAR#0.0182331364730309 0.859392416066137 0.000310670918431775 0.1220637765424 0.00111943606672616 0.000330742474260001 0.000330742474260001 0.998219078984754 0.981055690091232 0.0174229099832732 0.000224752261720855 0.00129664766377416 0.0368514587139261 0.0178791062585239 0.000789566697745488 0.944479868329805 0.15669522449888 0.000920769263958109 0.000920769263958109 0.841463236973204 0.105236129103036 0.000801451452847185 0.000801451452847185 0.89316096799127 0.63462983164294 0.000884858493147225 0.000884858493147225 0.363600451370765 0.0362807339635389 0.000599325114283068 0.000599325114283068 0.962520615807895 0.9638209902007 0.000229700680436759 0.0346241128855738 0.001325196233289 0.104118708906503 0.00030053895095299 0.859479706862877 0.0361010452796673
MA0053###JASPAR#0.99006217956543 0.00331260681152344 0.00552101135253906 0.00110420227050781 0.99006217956543 0.00331260681152344 0.00552101135253906 0.00110420227050781 0.99006217956543 0.00331260681152344 0.00552101135253906 0.00110420227050781 0.005421142578125 0.00101646423339844 0.993223571777344 0.000338821411132813 0.208764114379883 0.590439147949219 0.00398368835449219 0.196813049316406
MA0054###JASPAR#0.272694872296046 0.0456253354511564 0.030367808871799 0.651311983380999 0.910833276264251 0.0153538719056145 0.0291531929894099 0.0446596588407244 0.897431730467176 0.000880341681223067 0.0290152371875823 0.0726726906640189 0.0582732707735092 0.882939056744651 0.0431873760526142 0.0156002964292254 0.148188030908978 0.380469379727803 0.225777011447483 0.245565577915737 0.143892630319747 0.0294315512218173 0.753819276416112 0.0728565420423235 0.187225443976266 0.115049082892282 0.00123073714120047 0.696494735990252 0.0457280870467897 0.242365858289931 0.0153603992764912 0.696545655386788 0.39951111021496 0.0157266525995164 0.00101637613205683 0.583745861053467
MA0055#Myf#vertebrate#JASPAR#0.431167225042979 0.489954908688863 0.0745104352633158 0.00436743100484212 0.555772284666697 0.00634690125783285 0.435342053572337 0.00253876050313314 0.252712845802307 0.135076284408569 0.604459881782532 0.0077509880065918 0.00392516454060872 0.928222338358561 0.0664251645406087 0.00142733256022135 0.993208065629005 0.00247880816459656 0.00332160294055939 0.000991523265838623 0.43372055888176 0.00651627779006958 0.557156652212143 0.00260651111602783 0.00392516454060872 0.928222338358561 0.0664251645406087 0.00142733256022135 0.374038736025492 0.00282724698384603 0.00378851095835368 0.619345506032308 0.00314357380072276 0.00285779436429342 0.992855514089266 0.00114311774571737 0.00606149435043335 0.617285370826721 0.374448955059052 0.00220417976379395 0.374038736025492 0.00282724698384603 0.00378851095835368 0.619345506032308 0.00314357380072276 0.00285779436429342 0.992855514089266 0.00114311774571737
MA0056###JASPAR#0.151074910163879 0.244625449180603 0.212468957901001 0.391830682754517 0.00635186831156413 0.00138084093729655 0.941162618001302 0.0511046727498372 0.105891418457031 0.00267791748046875 0.886074829101562 0.0053558349609375 0.00635186831156413 0.00138084093729655 0.941162618001302 0.0511046727498372 0.00440883636474609 0.000958442687988281 0.992715835571289 0.00191688537597656 0.890726470947266 0.000545501708984375 0.107637023925781 0.00109100341796875
MA0057###JASPAR#0.0787039756774902 0.233237266540527 0.445322608947754 0.242736148834229 0.135014820098877 0.00527095794677734 0.444879341125488 0.414834880828857 0.930784642696381 0.0625 0.0050818920135498 0.00163346529006958 0.0076278805732727 0.00195586681365967 0.682414746284485 0.308001506328583 0.00650743246078491 0.00166857242584229 0.926487421989441 0.0653365731239319 0.0051352322101593 0.123683273792267 0.867626333236694 0.00355516076087952 0.00726943016052246 0.00186395645141602 0.86456184387207 0.126304769515991 0.24375 0.0625 0.525 0.16875 0.60191650390625 0.0037841796875 0.266650390625 0.12764892578125 0.471274709701538 0.117993831634521 0.280827140808105 0.129904317855835
MA0058#Max#vertebrate#JASPAR#0.341835021972656 0.0862187105066636 0.345537073471967 0.226409194048713 0.634980482213637 0.0656988929299747 0.294117647058824 0.00520297779756434 0.290973438936121 0.397301348517923 0.0839771943933824 0.227748018152574 0.00229584469514735 0.993724691166597 0.00255093855016372 0.00142852558809168 0.933056831359863 0.0614359350765453 0.00353027792537914 0.00197695563821232 0.00229584469514735 0.993724691166597 0.00255093855016372 0.00142852558809168 0.0614832148832433 0.00357157763312845 0.932817459106445 0.0021277483771829 0.00179348272435805 0.00187319306766286 0.00199275858262006 0.994340565625359 0.00238786024205825 0.0024939873639275 0.993632372687845 0.00148577970616958 0.264705882352941 0.276470588235294 0.294117647058824 0.164705882352941
MA0059#Myc-Max#vertebrate#JASPAR#0.322180281469832 0.0677803336799919 0.42085008497362 0.189189299876556 0.699103665042233 0.0538783135352197 0.195403697686794 0.0516143237357532 0.107747957303927 0.410885071857667 0.420806686599533 0.0605602842388731 0.0490762289468344 0.946479368003416 0.00295079218876826 0.00149361086098147 0.995314238907455 0.00150985635204233 0.00210859249164532 0.00106731224885751 0.00178073907827402 0.946724487073494 0.00282823265372933 0.0486665411945029 0.0495401027398708 0.00278552992519362 0.945705285836092 0.00196908149884377 0.00156639767931653 0.0490625905784178 0.00248780807891449 0.946883203663351 0.00176673740535587 0.00200923077471845 0.994803713513659 0.00142031830626649 0.0527892009520427 0.0536939777853169 0.842020158643846 0.051496662618794 0.144011286946086 0.238287595443395 0.00519364840024478 0.612507469210274
MA0060###JASPAR#0.317349137931034 0.294719827586207 0.227909482758621 0.160021551724138 0.141804199794243 0.284703750034858 0.224219348923913 0.349272701246985 0.0633654203908197 0.437951735381422 0.215662888411818 0.28301995581594 0.497780129827302 0.122804752711592 0.351922524386439 0.027492593074667 0.438809006635485 0.0362831906511866 0.480995464684634 0.043912338028694 0.000318915037245586 0.999291239755935 0.000229034059006592 0.000160811147813139 0.0177854551323529 0.972906190259703 0.00901824595599339 0.000290108651950442 0.964431167162698 0.000493834244793859 0.00898813122305377 0.0260868673694545 0.999281958355729 0.000309999036634791 0.000239725031986319 0.000168317575649968 0.000298807879203352 0.00889007332895336 0.000214593774028893 0.990596525017814 0.122957029990081 0.557282318585905 0.283830500111498 0.0359301513125157 0.567237684695885 0.0533927727876038 0.361147701483348 0.0182218410331627 0.113889434728129 0.173498429614922 0.625750634690811 0.0868615009661379 0.333580202069776 0.360107828830851 0.19498360979146 0.111328359307914 0.310458518307785 0.0811106192654577 0.402295163993178 0.20613569843358 0.225603938102722 0.301030343976514 0.247811880604974 0.22555383731579
MA0061###JASPAR#0.000598418712615967 0.0010918516861765 0.997396353671425 0.000913375929782265 0.000598418712615967 0.0010918516861765 0.997396353671425 0.000913375929782265 0.0269207188957616 0.0013385672318308 0.970620950899626 0.00111976297278153 0.655331592183364 0.00138117639642013 0.342131824242441 0.00115540717777453 0.494637060165405 0.341056868904515 0.0312351778933876 0.133070893036692 0.183762510199296 0.029555290623715 0.082462571796618 0.704219627380371 0.0275546651137503 0.0548457396657843 0.0555837932385896 0.862015801981876 0.0534275092576679 0.445948653472097 0.00283953516106856 0.497784302109166 0.0531865897931551 0.917362559469123 0.00198003869307669 0.0274708120446456 0.00069429874420166 0.944250167043585 0.00160784972341437 0.0534476844887984
MA0062#NRF-2#vertebrate#JASPAR#0.651041521344866 0.15501948765346 0.186641584123884 0.00729740687779018 0.161727687290737 0.66710935320173 0.167119271414621 0.00404368809291295 0.150081416538783 0.833921977451869 0.0144485473632813 0.00154805864606585 0.0115565708705357 0.00722285679408482 0.979776000976562 0.00144457135881696 0.0115565708705357 0.00722285679408482 0.979776000976562 0.00144457135881696 0.980856813703264 0.00624234335763114 0.0116523742675781 0.00124846867152623 0.980856813703264 0.00624234335763114 0.0116523742675781 0.00124846867152623 0.0115565708705357 0.00722285679408482 0.979776000976562 0.00144457135881696 0.415850830078125 0.153457641601562 0.181018938337054 0.249672589983259 0.0257315499441964 0.280353546142578 0.558562796456473 0.135352107456752
MA0063###JASPAR#0.409331506039916 0.00851619944852941 0.0734227284663866 0.508729566045168 0.00500959508559283 0.233055787927964 0.00202515546013327 0.75990946152631 0.993106425309382 0.000670208650476792 0.00181913776557986 0.00440422827456178 0.993106425309382 0.000670208650476792 0.00181913776557986 0.00440422827456178 0.0066243420128061 0.000986604129566866 0.407536402469924 0.584852651387703 0.243202273585215 0.114733527688419 0.00790815593815651 0.634156042788209 0.128206589642693 0.0588235294117647 0.628499648150276 0.184470232795267
MA0064###JASPAR#0.991084265708923 0.00258843898773193 0.00488927364349365 0.00143802165985107 0.991084265708923 0.00258843898773193 0.00488927364349365 0.00143802165985107 0.991084265708923 0.00258843898773193 0.00488927364349365 0.00143802165985107 0.00495221614837647 0.000909590721130371 0.993632864952087 0.000505328178405762 0.0727549076080322 0.554109621047974 0.0652967929840088 0.307838678359985
MA0065#PPARgamma-RXRal#vertebrate#JASPAR#0.250121702798983 0.28266885803967 0.18380270236876 0.283406736792588 0.179716021840165 0.308390849974097 0.202973789122046 0.308919339063691 0.45375920272455 0.102747777613198 0.157832224776105 0.285660794886147 0.317058726054866 0.0261958285075862 0.654549854557689 0.00219559087985899 0.413847209767597 0.00140871361988347 0.583267356128227 0.00147672048429163 0.00109260576527293 0.000611690486349711 0.99765448337648 0.000641220371897628 0.00144059192843554 0.000806508994683987 0.948349452600247 0.049403446476634 0.0010105229005581 0.0491901592510503 0.00103003106466154 0.94876928678373 0.0502441260872818 0.898462472892389 0.0502775424864234 0.00101585853390577 0.99766291409004 0.000604059638046637 0.0010998051340987 0.000633221137814406 0.99766291409004 0.000604059638046637 0.0010998051340987 0.000633221137814406 0.947873100711078 0.000931342927421012 0.0502192520513767 0.000976304310124095 0.00109260576527293 0.000611690486349711 0.99765448337648 0.000641220371897628 0.00144059192843554 0.000806508994683987 0.948349452600247 0.049403446476634 0.0010105229005581 0.0491901592510503 0.00103003106466154 0.94876928678373 0.0506950738953381 0.873021899200067 0.0265233900488877 0.0497596368557069 0.922475253663412 0.0254765748977661 0.0507271929485042 0.00132097849031774 0.24679949225449 0.288018180102837 0.106595853479897 0.358586474162776 0.316973523395817 0.350408321473657 0.2278825713367 0.104735583793826 0.188220921958365 0.235819188559928 0.296210163395579 0.279749726086128
MA0066#PPARgamma#vertebrate#JASPAR#0.116664457321167 0.284239108221871 0.48176144191197 0.117334992544992 0.107971408537456 0.00173879095486232 0.00168044226510184 0.88860935824258 0.67514027271952 0.0020531816141946 0.320932500702994 0.00187404496329171 0.00146147353308541 0.0371534466743469 0.959867824826922 0.00151725496564593 0.0373972364834377 0.00225909607751029 0.922870622362409 0.0374730450766427 0.00248490657125201 0.0381612547806331 0.14407114301409 0.815282695634024 0.0733514649527413 0.814856924329485 0.108917835780552 0.00287377493722098 0.922932211841856 0.0375843601567405 0.00208752495901925 0.0373959030423846 0.183348321914673 0.512446192332677 0.152719116210938 0.151486369541713 0.233928571428571 0.266071428571429 0.257142857142857 0.242857142857143 0.146389954430716 0.0789790902818952 0.627894646780832 0.146736308506557 0.0375042285237994 0.00240271602358137 0.0731056349618094 0.88698742049081 0.0755015475409372 0.18076456955501 0.702827671595982 0.0409062113080706 0.779843206065042 0.179502441201891 0.00273603711809431 0.0379183156149728 0.0369469625609262 0.959943582330431 0.00159914834158761 0.00151030676705497 0.00165299773216248 0.888428118399211 0.00181703567504883 0.108101848193577 0.109224724769592 0.425903119359698 0.00422237941196987 0.46064977645874 0.779843206065042 0.179502441201891 0.00273603711809431 0.0379183156149728 0.192570359366281 0.387477793012347 0.225123596191406 0.194828251429967 0.249820552553449 0.00297085217067174 0.0381866727556501 0.709021922520229
MA0067###JASPAR#0.288468514719317 0.238745535573652 0.185992210142074 0.286793739564957 0.225410196088975 0.0369338796984765 0.668939486626656 0.0687164375858922 0.0978895079705023 0.066622834051809 0.00251978443514916 0.83296787354254 0.0018617530022898 0.897494527601427 0.0341928274400773 0.0664508919562063 0.831199788278149 0.0350802521551809 0.0985440400338942 0.0351759195327759 0.0688609999995078 0.539821494010187 0.03883744055225 0.352480065438055 0.0662590842093191 0.00333651419608824 0.608371542346093 0.3220328592485 0.0440604302190965 0.349074763636435 0.34742792191044 0.259436884234028
MA0068###JASPAR#0.333492905752999 0.102578426542736 0.510511822170681 0.0534168455335829 0.946504506610689 0.00300655364990234 0.0483782783387199 0.00211066140068902 0.742122759137835 0.105462501162574 0.0513235425192212 0.10109119718037 0.514449564615885 0.0610589890252976 0.0516190301804315 0.372872416178385 0.603311139061337 0.0625553676060268 0.141968076191251 0.192165417141385 0.500620742071243 0.164262172154018 0.0575287834046379 0.277588302370102 0.28799680074056 0.0592391241164434 0.0966214376782614 0.556142637464735 0.424319657825288 0.0601505824497768 0.0513486710805742 0.464181088644361 0.24907469976516 0.161679077148437 0.268286568777902 0.320959654308501 0.255722191220238 0.486876860119048 0.0616086929563492 0.195792255704365 0.287383361089797 0.517133222307478 0.188453068808904 0.0070303477938213 0.334449695405506 0.328867885044643 0.212046789744544 0.124635629805308 0.338095238095238 0.314285714285714 0.126984126984127 0.220634920634921 0.294016302199591 0.2501708984375 0.0601978604755704 0.395614938887339 0.448051379975818 0.253620256696429 0.177538674975198 0.120789688352555 0.243522280738467 0.356996082124256 0.167660667782738 0.231820969354539 0.169612412225632 0.289629690987723 0.181775289868552 0.358982606918093 0.338095238095238 0.314285714285714 0.126984126984127 0.220634920634921 0.244324166434152 0.386882672991071 0.137067037915427 0.23172612265935 0.338095238095238 0.314285714285714 0.126984126984127 0.220634920634921 0.277542259579613 0.325819614955357 0.19426521422371 0.202372911241319 0.269064476376488 0.294562639508929 0.105069599454365 0.331303284660218 0.333603940691267 0.511902800060454 0.00721619621155754 0.147277063036722 0.305536179315476 0.385323660714286 0.0776522197420635 0.231487940228175 0.165103549049014 0.542128426688058 0.0988553970579117 0.193912627205016 0.336766996837798 0.346163504464286 0.118129185267857 0.198940313430059 0.165103549049014 0.542128426688058 0.0988553970579117 0.193912627205016 0.0636219206310454 0.512266467866443 0.141982668922061 0.28212894258045 0.294835953485398 0.487322852725074 0.0614397563631572 0.15640143742637 0.160409981863839 0.591648065476191 0.0980922154017857 0.149849737258185
MA0069###JASPAR#0.050285643517377 0.096330382895232 0.0954744205918423 0.757909552995549 0.0477915816132808 0.0480027079978259 0.00157025248505348 0.90263545790384 0.0954611562811259 0.596772151135923 0.0269656624904899 0.280801030092461 0.902298171654888 0.0477673967811356 0.0244226788365564 0.0255117527274198 0.0714119454950985 0.784060219989663 0.0253362101177837 0.119191624397455 0.0240577487058418 0.00101867387461108 0.950201162072115 0.024722415347432 0.0247212945424837 0.855487763287617 0.0938550150671671 0.0259359271027321 0.481882418508942 0.0508508777301573 0.050006068030069 0.417260635730832 0.0256896652652576 0.0948870158274704 0.0255581057348917 0.85386521317238 0.0486590981087415 0.324363757605569 0.576281270315481 0.0506958739702092 0.833848246704304 0.00125041910976271 0.139845271443212 0.0250560627427212 0.250582546094723 0.25346883982915 0.290960799816043 0.204987814260084 0.0266808956564463 0.118469887793658 0.0721433994381927 0.782705817111703 0.0248781470365302 0.00206080148386401 0.393609579219375 0.579451472260231
MA0070###JASPAR#0.331381338614005 0.310360378689236 0.0896696867766204 0.268588595920139 0.186298564628319 0.483030054304335 0.15801532180221 0.172656059265137 0.878642947585494 0.0603088272942437 0.0553442990338361 0.00570392608642578 0.0631038612789578 0.0596480104658339 0.000909434424506293 0.876338693830702 0.00347149592858774 0.994189812077416 0.000365420624061867 0.00197327136993408 0.934743360236839 0.0595605903201633 0.000890007725468388 0.0048060417175293 0.934935861163669 0.00497237841288249 0.000872347089979384 0.059219413333469 0.00366842305218732 0.00220105383131239 0.0554783255965621 0.938652197519938 0.00347149592858774 0.994189812077416 0.000365420624061867 0.00197327136993408 0.871878844720346 0.0634468131595188 0.00175361280088071 0.0629207293192545 0.659173850659971 0.00871613290574815 0.0552497263307925 0.276860290103489 0.443398510968244 0.145626915825738 0.0964680424442998 0.314506530761719
MA0071###JASPAR#0.58516227722168 0.0473011016845703 0.0905983734130859 0.276938247680664 0.359806846618652 0.0419959182739258 0.00418498992919922 0.594012245178223 0.246689025878906 0.460428405761719 0.166193542480469 0.126689025878906 0.4080830078125 0.1091416015625 0.2208154296875 0.2619599609375 0.834380767822266 0.00187307739257813 0.161142120361328 0.00260403442382813 0.00186242008209229 0.000877692222595215 0.996039681434631 0.00122020626068115 0.00186242008209229 0.000877692222595215 0.996039681434631 0.00122020626068115 0.00173921012878418 0.00081962776184082 0.00129940986633301 0.996141752243042 0.00151486015319824 0.99636085319519 0.00113179206848145 0.000992494583129883 0.995770545959473 0.00106385040283203 0.00168659210205078 0.00147901153564453
MA0072###JASPAR#0.277053833007812 0.198675367567274 0.226731194390191 0.297539605034722 0.445183769104973 0.0728042239234561 0.205166589646112 0.276845417325459 0.415325959523519 0.0029048654768202 0.0868638621436225 0.494905312856038 0.969005094634162 0.0283070471551683 0.00125571754243639 0.00143214066823324 0.636335221547929 0.00116893223353795 0.00217601231166295 0.36031983390687 0.063567388625372 0.327904262239971 0.357895835997566 0.250632513137091 0.00129478318350656 0.000467560594044035 0.000870382028912741 0.997367274193537 0.774517642127143 0.000999569892883301 0.222360624207391 0.00212216377258301 0.00120605741228376 0.00043552073221358 0.997433777839418 0.000924644016084217 0.00120605741228376 0.00043552073221358 0.997433777839418 0.000924644016084217 0.00129478318350656 0.000467560594044035 0.000870382028912741 0.997367274193537 0.000951886177062988 0.997678455379274 0.000639879041247898 0.000729779402414958 0.997209889548165 0.000559744380769276 0.00104198569343204 0.00118838037763323 0.404377891903832 0.158883775983538 0.269994887094649 0.166743445017981
MA0073###JASPAR#0.311698497425426 0.658499977805398 0.0160469748757102 0.0137545498934659 0.118723331798207 0.874933069402521 0.00341578396883878 0.00292781483043324 0.311698497425426 0.658499977805398 0.0160469748757102 0.0137545498934659 0.0119068145751953 0.986082944003018 0.00108243768865412 0.000927803733132102 0.590708264437589 0.399870785799893 0.00507281910289418 0.00434813065962358 0.788184634121982 0.208029313520952 0.0020386435768821 0.00174740878018466 0.690012324940075 0.30415170842951 0.00314244357022372 0.00269352306019176 0.355196866122159 0.573586203835227 0.0196921608664773 0.0515247691761364 0.0119068145751953 0.986082944003018 0.00108243768865412 0.000927803733132102 0.988838911056519 0.010146444494074 0.000546347011219371 0.000468297438188033 0.35 0.590909090909091 0.0318181818181818 0.0272727272727273 0.118723331798207 0.874933069402521 0.00341578396883878 0.00292781483043324 0.311698497425426 0.658499977805398 0.0160469748757102 0.0137545498934659 0.35 0.590909090909091 0.0318181818181818 0.0272727272727273 0.21887997713956 0.768098310990767 0.00701169100674716 0.00601002086292614 0.361327466097745 0.477634429931641 0.00538742759011008 0.155650676380504 0.357144858620383 0.519460504705256 0.0627792358398437 0.060615400834517 0.355196866122159 0.573586203835227 0.0196921608664773 0.0515247691761364 0.109789605574174 0.633051265369762 0.255171706459739 0.00198742259632457 0.361441698941318 0.4002141085538 0.157676870172674 0.0806673223322088
MA0074#RXR-VDR#vertebrate#JASPAR#0.297085266113281 0.0060723622639974 0.687612380981445 0.00922999064127604 0.00433925628662109 0.00328731536865234 0.987376708984375 0.00499671936035156 0.00703151702880859 0.00532690684000651 0.882740821838379 0.104900754292806 0.00337371826171875 0.00255584716796875 0.0055206298828125 0.9885498046875 0.00383529663085937 0.887215677897135 0.00627593994140625 0.102673085530599 0.884473648071289 0.00380547841389974 0.105936546325684 0.0057843271891276 0.39181999206543 0.19848518371582 0.0163600158691406 0.393334808349609 0.205460510253906 0.33629404703776 0.24368408203125 0.214561360677083 0.200686378479004 0.00571982065836588 0.784899673461914 0.00869412740071615 0.4899853515625 0.00596110026041667 0.49499267578125 0.00906087239583333 0.00433925628662109 0.00328731536865234 0.987376708984375 0.00499671936035156 0.00337371826171875 0.00255584716796875 0.0055206298828125 0.9885498046875 0.102608108520508 0.00362237294514974 0.00782432556152344 0.885945192972819 0.00383529663085937 0.887215677897135 0.00627593994140625 0.102673085530599 0.679065551757812 0.102907562255859 0.206978149414063 0.0110487365722656
MA0075#S8#vertebrate#JASPAR#0.87853176310911 0.0336500264830508 0.0673621226165254 0.0204560877913136 0.998189408900374 2.87395412639036e-05 8.62186237917108e-05 0.00169563293457031 0.00161567057593394 1.91203618453721e-05 0.0169587127232956 0.981406496338925 0.001551065606586 1.83558059951006e-05 5.50674179853019e-05 0.998375511169434 0.981206294237557 3.04884829763639e-05 0.0169643967838611 0.00179882049560547
MA0076###JASPAR#0.782984765370687 0.0576275189717611 0.107627518971761 0.051760196685791 0.00222632090250651 0.994844309488932 0.00222632090250651 0.000703048706054688 0.00222632090250651 0.994844309488932 0.00222632090250651 0.000703048706054688 0.0024845282236735 0.00209223429361979 0.994638649622599 0.000784587860107422 0.0024845282236735 0.00209223429361979 0.994638649622599 0.000784587860107422 0.994638649622599 0.00209223429361979 0.0024845282236735 0.000784587860107422 0.795219564437866 0.00263748168945312 0.00313200950622559 0.199010944366455 0.203587532043457 0.0566625595092774 0.736674880981445 0.00307502746582031 0.053082529703776 0.299614683787028 0.00366050402323405 0.643642282485962
MA0077#SOX-9#vertebrate#JASPAR#0.321529923823842 0.0949754882277104 0.399100855777138 0.18439373217131 0.701487134074607 0.0818234716939647 0.0958031102230674 0.120886284008361 0.774163952347828 0.0533521035958452 0.00131447064249139 0.171169473413836 0.000833970064308211 0.945921079457155 0.0266305459173102 0.0266144045612268 0.8528612127081 0.0532779205612272 0.00117913672798558 0.0926817300026877 0.930806426276938 0.0272676958675273 0.014461592624062 0.0274642852314732 0.0537122390423602 0.000433841643974795 0.0136548406199405 0.932199078693724 0.318918674312837 0.0808115730508726 0.493109100743344 0.107160651892946 0.120828307162949 0.118725901458696 0.719899880258661 0.0405459111196953
MA0078###JASPAR#0.213830763293851 0.267967962449597 0.193548387096774 0.324652887159778 0.234477381552419 0.239391367922547 0.146722608996976 0.379408641528058 0.099003166280767 0.569075731393684 0.037034434656943 0.294886667668606 0.963780044227518 0.00094585692156173 0.000963703278572329 0.0343103955723479 0.00149577151062668 0.0336291884008702 0.00168274294945502 0.963192297139048 0.00109051119896673 0.00120410611552577 0.00122682509883758 0.99647855758667 0.000625036096060148 0.00069014402273308 0.997070143299718 0.00161467658148872 0.00162891675067204 0.00179859557886705 0.0657378165952621 0.930834671075199 0.00239792690482191 0.543391415722481 0.320782199982674 0.133428457390023
MA0079#SP1#vertebrate#JASPAR#0.1 0.1125 0.5875 0.2 0.141061401367188 0.115921783447266 0.563547515869141 0.179469299316406 0.00504074096679688 0.00567083358764648 0.979206943511963 0.0100814819335938 0.00504074096679688 0.00567083358764648 0.979206943511963 0.0100814819335938 0.00602645874023438 0.594114398956299 0.270339298248291 0.129519844055176 0.217668151855469 0.0242488861083984 0.518860244750977 0.239222717285156 0.05477294921875 0.118153381347656 0.604460144042969 0.222613525390625 0.0137504577636719 0.0154692649841309 0.727655506134033 0.243124771118164 0.121229553222656 0.123114776611328 0.725492095947266 0.03016357421875 0.246671199798584 0.00249660015106201 0.0130378007888794 0.737794399261475
MA0080###JASPAR#0.250859087670756 0.359948275382059 0.337267122770611 0.0519255141765751 0.0748379802146153 0.0363366143745288 0.83648523531462 0.0523401700962357 0.0552369614093624 0.000927339520370751 0.908770059284411 0.0350656397858558 0.980508637010005 0.0178944102504797 0.00148984005576686 0.000107112683747944 0.980716660705923 0.00036529072544031 0.0013307019283897 0.0175873466402467 0.0576419551470126 0.31298705987763 0.594325726492363 0.0350452584829944
MA0081###JASPAR#0.631892262672891 0.000380399275799187 0.00164839686179648 0.366078941189513 0.0874793411343855 0.282632310605953 0.588528143768755 0.0413602044909063 0.488921023666337 0.320008669928281 0.14929954929185 0.0417707571135318 0.0433370851566771 0.00052883048099262 0.955675764612137 0.000458319750193604 0.0231127891874174 0.000540925184422262 0.95559553641272 0.0207507492154402 0.977286162946384 0.00038642577457706 0.00167451168983393 0.0206528995892049 0.956909941514796 0.00039658115487057 0.00171851833777247 0.0409749589925605
MA0082###JASPAR#0.371409738631475 0.45383247193836 0.0377974010649181 0.136960388365246 0.00243890285491943 0.730359061559041 0.000737619400024414 0.266464416186015 0.792126946222214 0.00348577953520275 0.133693931216285 0.0706933430262974 0.529166984558106 0.073245112101237 0.0438588460286458 0.353729057312012 0.762311065764654 0.00215918677193778 0.00230809620448521 0.233221651258923 0.565456372215634 0.00212718418666295 0.00227388654436384 0.430142557053339 0.79228995186942 0.0359229678199405 0.00364903041294643 0.168138049897693 0.270263537906465 0.00224321002051944 0.0351897830054873 0.692303469067528 0.466970241637457 0.0348174776349749 0.495007878258115 0.00320440246945336 0.0360519488652547 0.0339596112569173 0.928636248906453 0.00135219097137451 0.46944333031064 0.162964448474702 0.0481422061011905 0.319450015113467 0.829487425940377 0.166348384675525 0.00164445695422945 0.0025197324298677 0.670668120611282 0.0765538170224144 0.106591433570499 0.146186628795805 0.255335780552455 0.16419910249256 0.256385149274554 0.324079967680432
MA0083#SRF#vertebrate#JASPAR#0.0455363211424454 0.0235477288564046 0.842540613982988 0.0883753360181615 0.196784558503524 0.711068823717643 0.0459553521612416 0.0461912656175918 0.000888124756191088 0.975915309311687 0.0224052240019259 0.000791341930195905 0.0225893518199091 0.975828291713328 0.000761656657509182 0.00082069980925408 0.692659647568412 0.0232616438381914 0.00169313990551492 0.282385568687881 0.0663529375325078 0.022836825122004 0.00122071219527203 0.909589525150216 0.997997470524 0.000647282254868659 0.000652339147484821 0.000702908073646435 0.0226330135179603 0.000794562740602355 0.000800770262013311 0.975771653479424 0.932167105052782 0.000929956850798234 0.000937222138695095 0.0659657159577245 0.32577369524085 0.0232532266257466 0.00168377938477889 0.649289298748625 0.0443104816519696 0.00080700197081635 0.954006162674531 0.00087635370268338 0.0445880786232326 0.0227144248243691 0.931528824826945 0.00116867172545281
MA0084#SRY#vertebrate#JASPAR#0.191181909470331 0.177425021216983 0.347541695549375 0.283851373763311 0.30551380581326 0.110388680109902 0.138637572999984 0.445459941076854 0.535399179609995 0.00582946292937748 0.106512644934276 0.352258712526352 0.594364226810516 0.123864552331349 0.10045417906746 0.181317041790675 0.886259729900057 0.00265330738491482 0.00164935323927138 0.109437609475756 0.00254558192359077 0.924800904970321 0.000440213415357802 0.072213299690731 0.995786110560099 0.00131020091828846 0.000814449219476609 0.00208923930213565 0.95943139848255 0.00163281531560989 0.0363321077255976 0.00260367847624279 0.25528441535102 0.00279319097125341 0.07180602966793 0.670116364009797
MA0085###JASPAR#0.157672882080078 0.258805084228516 0.31441822052002 0.269103813171387 0.0056978702545166 0.395338106155395 0.00712233781814575 0.591841685771942 0.00521426200866699 0.00331816673278809 0.987556874752045 0.00391069650650024 0.00378704071044922 0.00240993499755859 0.00473380088806152 0.989069223403931 0.00521426200866699 0.00331816673278809 0.987556874752045 0.00391069650650024 0.298989963531494 0.00707025527954102 0.685606980323791 0.00833280086517334 0.00521426200866699 0.00331816673278809 0.987556874752045 0.00391069650650024 0.988303351402283 0.00282332897186279 0.00554582476615906 0.00332749485969543 0.988303351402283 0.00282332897186279 0.00554582476615906 0.00332749485969543 0.494489240646362 0.492040014266968 0.0084192156791687 0.00505152940750122 0.110563659667969 0.668309020996094 0.114713668823242 0.106413650512695 0.184947204589844 0.187864685058594 0.372695541381836 0.254492568969727 0.275 0.175 0.34375 0.20625 0.275 0.175 0.34375 0.20625 0.357172393798828 0.257172393798828 0.249251747131348 0.136403465270996 0.215322494506836 0.115322494506836 0.229368114471436 0.439986896514893
MA0086###JASPAR#0.000665704409281413 0.97204971909523 0.0266340017318726 0.000650574763615926 0.972497389713923 0.000513693690299988 0.00150156617164612 0.0254873504241308 0.0758485754330953 0.00127286314964294 0.921475148200989 0.00140341321627299 0.0509936650594076 0.00121102929115295 0.94646006822586 0.0013352374235789 0.000483804941177368 0.000428827106952667 0.00125349462032318 0.997833873331547 0.0013561487197876 0.00120204091072083 0.946486341953278 0.050955468416214
MA0087#Sox-5#vertebrate#JASPAR#0.371967197204969 0.17330951572205 0.120778338509317 0.333944948563665 0.904004778180804 0.00478519416003494 0.043123802042896 0.0480862256162655 0.950922403276337 0.00260658738035593 0.0432851803228722 0.00318582902043503 0.00356117390697787 0.951810602815995 0.000185477807655098 0.0444427454693717 0.994363636703965 0.00234125859989143 0.000433566407387301 0.00286153828875619 0.948514736957432 0.0462392961016353 0.000690258808017517 0.00455570813291562 0.00312160705187306 0.000877951983339298 0.000162583700618388 0.995837857264169
MA0088###JASPAR#0.0159726142883301 0.305200386047363 0.382170104980469 0.296656894683838 0.554477462768555 0.220100860595703 0.107094421386719 0.118327255249023 0.215 0.37 0.16 0.255 0.0171232986450195 0.30557502746582 0.196814270019531 0.480487403869629 0.200799884796143 0.114397926330566 0.0085321044921875 0.676270084381103 0.110192527770996 0.670751876831055 0.014180908203125 0.204874687194824 0.00434643745422363 0.987263927459717 0.00323455810546875 0.00515507698059082 0.00434643745422363 0.987263927459717 0.00323455810546875 0.00515507698059082 0.884461393356323 0.106124706268311 0.00362945556640625 0.00578444480895996 0.0101642417907715 0.11276439666748 0.388653869628906 0.488417491912842 0.386796703338623 0.397858924865723 0.197145233154297 0.0181991386413574 0.581021995544434 0.208379898071289 0.198028259277344 0.0125698471069336 0.00435422897338867 0.00749332427978516 0.101215133666992 0.886937313079834 0.00885444641113281 0.111119537353516 0.581879272460937 0.298146743774414 0.00434643745422363 0.987263927459717 0.00323455810546875 0.00515507698059082 0.383227882385254 0.48821418762207 0.014505615234375 0.114052314758301 0.287595520019531 0.139402465820313 0.108756103515625 0.464245910644531 0.201635589599609 0.307632751464844 0.0174462890625 0.473285369873047 0.106427249908447 0.115090065002441 0.669819869995117 0.108662815093994 0.294221229553223 0.584363327026367 0.104079132080078 0.017336311340332
MA0089###JASPAR#0.225251702701344 0.305495879229377 0.285434835097369 0.183817582971909 0.847398009954714 0.0602765924790326 0.0897959914861941 0.00252940608005898 0.00122958304835301 0.000675404773038976 0.000813949341867484 0.997281062836741 0.0315195368785484 0.00126466330359964 0.93647451727998 0.0307412825378717 0.997038254550859 0.000868481748244342 0.00104663185044831 0.00104663185044831 0.00246746399823357 0.760639779707965 0.0600398849038517 0.17685287138995
MA0090###JASPAR#0.145184834798177 0.438148498535156 0.107386695014106 0.309279971652561 0.741942485173543 0.00557827949523926 0.248243874973721 0.00423536035749647 0.00342408816019694 0.989727735519409 0.00216858916812473 0.00467958715226915 0.991143186887105 0.00419533252716064 0.00147613551881578 0.00318534506691827 0.0027698278427124 0.00498569011688232 0.00175422430038452 0.990490257740021 0.0027698278427124 0.00498569011688232 0.00175422430038452 0.990490257740021 0.00342408816019694 0.989727735519409 0.00216858916812473 0.00467958715226915 0.006103515625 0.900797526041667 0.00386555989583333 0.0892333984375 0.411996444066366 0.00840640068054199 0.00295780764685737 0.576639347606235 0.0882395108540853 0.575156370798747 0.325428936216566 0.0111751821306017 0.208333333333333 0.375 0.131944444444444 0.284722222222222 0.00645160675048828 0.173118273417155 0.650107542673747 0.17032257715861
MA0091###JASPAR#0.28170429576527 0.284264535614938 0.192818381569602 0.241212787050189 0.207511620088057 0.228261449120261 0.442680792375044 0.121546138416637 0.882635002786463 0.0014937339407025 0.0690028017217463 0.0468684615510883 0.453600869937377 0.543956567843755 0.00103045593608509 0.00141210628278328 0.000899637287313288 0.974816270849922 0.0233397917314009 0.000944300131364302 0.997915582223372 0.000705578110434792 0.000581697984175249 0.000797141682017933 0.00176896832206032 0.0242202318075931 0.249698899009011 0.724311900861336 0.272700323299928 0.724999992233334 0.000970179384404963 0.00132950508233273 0.000780258666385304 0.000724921172315424 0.000597644935954701 0.997897175225345 0.000854814594442194 0.000794189445900195 0.974799221212214 0.0235517747474439 0.00218332355672663 0.069652851783868 0.452501492066817 0.475662332592588 0.0937035517259078 0.0934030720681855 0.0479785745794123 0.764914801626494
MA0092###JASPAR#0.150877222521552 0.230550410829741 0.31893521012931 0.299637156519397 0.341509312596814 0.00362552116657126 0.51343150960988 0.141433656626734 0.0708609219255119 0.0718086242675781 0.0401689726730873 0.817161481133823 0.000867623296277276 0.961348877281978 0.00165980108853044 0.0361236983332141 0.000840772431472252 0.00107838203167093 0.00160843421672953 0.996472411320127 0.000784801614695582 0.00100659337537042 0.996553697257206 0.00165490775272764 0.00188455252811827 0.104636363325448 0.855432063135607 0.0380470210108264 0.306441234720164 0.47557246109535 0.0414027641559469 0.176583540028539 0.54595753899936 0.00298446786814722 0.106382159529061 0.344675833603431 0.170972521551724 0.144777074353448 0.155226293103448 0.529024110991379
MA0093#USF#vertebrate#JASPAR#0.000882012503487723 0.996714503424508 0.00163172313145229 0.000771760940551758 0.996964409237816 0.00108924139113653 0.00132137480236235 0.000624974568684896 0.00114495413643973 0.929469113122849 0.0021181651524135 0.0672677675882975 0.0344181923639207 0.00200534548078265 0.962425854092553 0.00115060806274414 0.00126775105794271 0.035044797261556 0.0354568163553874 0.928230635325114 0.00100989568801153 0.00154009092421759 0.996566354660761 0.000883658727010091 0.292913273402623 0.0811482384091332 0.459271821521577 0.166666666666667
MA0094#Ubx#insect#JASPAR#0.0360619601878253 0.000137835741043091 0.000179186463356018 0.963621017607776 0.814400620081208 0.0452839650891044 0.0341193391518159 0.106196075677872 0.895549228922887 0.0114448056979613 0.0680330077355558 0.0249729576435956 0.0134149891409007 0.0566823306408795 0.0454137901013548 0.884488890116865
MA0095###JASPAR#0.349154341454599 0.0724561354693244 0.399646833831189 0.178742689244887 0.00459957122802734 0.931623514960794 0.00176906585693359 0.0620078479542452 0.00302991680070466 0.993007884306066 0.00116535261565564 0.00279684627757353 0.993837487463858 0.00340559903313132 0.000810856912650314 0.00194605659036075 0.00201913422229243 0.00326167835908778 0.000776590085497089 0.993942597333123 0.226849724264706 0.432803883272059 0.126091452205882 0.214254940257353
MA0096###JASPAR#0.426217079162598 0.426217079162598 0.144569396972656 0.00299644470214844 0.000783375331333705 0.000783375331333705 0.00117506299700056 0.997258186340332 0.000818310951700016 0.000818310951700016 0.99721774276422 0.00114563533238002 0.997425123136871 0.000660224836699817 0.000990337255049725 0.000924314771379743 0.000660224836699817 0.997425123136871 0.000990337255049725 0.000924314771379743 0.000818310951700016 0.000818310951700016 0.99721774276422 0.00114563533238002 0.000783375331333705 0.000783375331333705 0.00117506299700056 0.997258186340332
MA0097###JASPAR#0.0317002209750089 0.00231073841904149 0.933912652911562 0.0320763876943877 0.512309951011581 0.00174553225738834 0.484361359567353 0.00158315716367779 0.000550742101187658 0.000740059698470915 0.0014456980156176 0.997263500184724 0.000905663076073232 0.00121698475847341 0.996773575291489 0.00110377687396425 0.997350507312351 0.000686314370897081 0.00134070714314779 0.000622471173604329 0.00057463212446733 0.997216625647111 0.00150840932672674 0.000700332901694558 0.000905663076073232 0.00121698475847341 0.996773575291489 0.00110377687396425 0.000550742101187658 0.000740059698470915 0.0014456980156176 0.997263500184724 0.00126077671243687 0.0317608033767854 0.965441848292495 0.00153657161828243 0.0322973174278182 0.0032982440909954 0.662984905820904 0.301419532660282 0.331209254987312 0.601250193335793 0.0351759159203732 0.0323646357565215 0.0308580494890309 0.966516282823351 0.00179313890861742 0.000832528779000947
MA0098#c-ETS#vertebrate#JASPAR#0.108333333333333 0.408333333333333 0.0916666666666667 0.391666666666667 0.423367253939311 0.00210538307825724 0.000472637017567952 0.574054725964864 0.000730125109354655 0.0275835196177165 0.000617798169453939 0.971068557103475 0.00054545005162557 0.972146876653035 0.0253356615702311 0.00197201172510783 0.000759466489156087 0.971027406056722 0.000642625490824381 0.0275705019632975 0.124706347783407 0.0808730443318685 0.419126955668132 0.375293652216593
MA0099#c-FOS#vertebrate#JASPAR#0.26461272490652 0.106556340267784 0.622365022960462 0.00646591186523438 0.00238815106843647 0.0011697066457648 0.0019007732993678 0.994541368986431 0.00292277963537919 0.0535859559711657 0.941105321833962 0.00238594255949322 0.940627731774983 0.0537668529309724 0.00276723033503482 0.00283818495901007 0.0669238943802683 0.307423240260074 0.462180639568128 0.16347222579153 0.0565699401654695 0.0541685003983347 0.00374624603673031 0.885515313399465 0.315860823581093 0.678502534565173 0.00278264597842568 0.00285399587530839 0.939770616983112 0.00191944523861534 0.00311909851274992 0.0551908392655222
MA0100#c-MYB_1#vertebrate#JASPAR#0.156159765580121 0.0823479727202771 0.656423250834147 0.105069010865455 0.427009965859207 0.0219174459868786 0.489096267550599 0.0619763206033146 0.0395492756483602 0.938629800490305 0.0209259279802734 0.000894995881061928 0.310078396516688 0.329994444753609 0.315882925893746 0.0440442328359566 0.0200984799394421 0.000710922713373222 0.978089167791254 0.00110142955593034 0.0395797391732534 0.0201672414938609 0.00150948762893677 0.938743531703949 0.000337431536001318 0.000420309457124448 0.00100637475649516 0.998235884250379 0.11780925358043 0.00127953641554889 0.859465159621893 0.0214460503821279
MA0101#c-REL#vertebrate#JASPAR#0.0102152656106388 0.291198999741498 0.456481439927045 0.242104294720818 0.00282901315128102 0.0634038364186006 0.86901616489186 0.0647509855382583 0.0600179560044233 0.00477770637063419 0.871603101842544 0.0636012357823989 0.28392962287454 0.0707681094898897 0.515710628733915 0.129591638901654 0.32581719791188 0.289944727280561 0.191075807459214 0.193162267348346 0.286298976225011 0.0679902469410616 0.0698775123147403 0.575833264519187 0.0595814929288976 0.00303185406853171 0.00351419448852539 0.933872458514045 0.117719296848073 0.00317847307990579 0.00368413925170898 0.875418090820313 0.00170548943912282 0.873744280198041 0.00414190292358398 0.120408327439252 0.0594744289622587 0.934312438964844 0.00301780700683594 0.00319532506606158
MA0102#cEBP#vertebrate#JASPAR#0.168407016330295 0.0036982430352105 0.00268303906476056 0.825211701569734 0.0663545396592882 0.0643297301398383 0.219747455031783 0.64956827516909 0.228642781575521 0.076422373453776 0.314606701886212 0.380328143084491 0.130553351508247 0.469216452704536 0.11813192014341 0.282098275643808 0.22531255086263 0.118064350552029 0.5341807824594 0.12244231612594 0.11428525712755 0.821959310107761 0.00326231673911766 0.0604931160255715 0.994122770097521 0.00192140208350288 0.00139395837430601 0.0025618694446705 0.994122770097521 0.00192140208350288 0.00139395837430601 0.0025618694446705 0.00792821248372396 0.33055845896403 0.112828890482585 0.548684438069661 0.277777777777778 0.318026648627387 0.261013313576027 0.143182260018808 0.151567247178819 0.267663743760851 0.167790448224103 0.412978560836227 0.0787692599826389 0.323177337646484 0.266654544406467 0.33139885796441
MA0103###JASPAR#0.0287299233723462 0.820185242629633 0.0261059311347279 0.124978902863293 0.923986048233218 0.00181076584792719 0.0489552108252921 0.0252479750935624 0.00113681273731759 0.972686523344459 0.0247846483215084 0.00139201559671542 0.00120092407474673 0.924035281669803 0.0732932749802504 0.00147051927520008 0.000873718804460231 0.0263159914714534 0.000410112908216027 0.97240017681587 0.243426873431942 0.029059433355564 0.387087876234597 0.340425816977896
MA0104#n-MYC#vertebrate#JASPAR#0.000845193862915039 0.996701017502815 0.00160859477135443 0.000845193862915039 0.93223963886179 0.00147465095725111 0.00133852933042793 0.0649471808505315 0.00107320149739583 0.963760704122564 0.00204254478536626 0.0331235495946741 0.0655549008359191 0.0354837243274976 0.89726653663061 0.00169483820597331 0.000878810882568359 0.0981065842413133 0.00167257555069462 0.899342029325424 0.000787178675333659 0.00165053593215122 0.996775106717182 0.000787178675333659
MA0105#p50#vertebrate#JASPAR#0.00105735509082524 0.00383986848773378 0.993488918651234 0.00161385777020695 0.00105735509082524 0.00383986848773378 0.993488918651234 0.00161385777020695 0.00105735509082524 0.00383986848773378 0.993488918651234 0.00161385777020695 0.110899352064036 0.00487045808271928 0.882183185731522 0.0020470041217226 0.601432761760673 0.0610589306763928 0.334756620002515 0.00275168756041864 0.275321112738715 0.00470860799153646 0.115137312147352 0.604832967122396 0.00268173217773438 0.279753790961372 0.11943859524197 0.598125881618924 0.00132247173424923 0.717071542836199 0.00563790581443093 0.275968079615121 0.00117293752805151 0.937159885059703 0.00500041788274592 0.0566667595294991 0.000915691106006353 0.993782939332904 0.00390373576771129 0.00139763379337812 0.0569652981228299 0.816416422526042 0.0678908030192057 0.0587274763319227
MA0106#p53#vertebrate#JASPAR#0.284262668385225 0.445768289005055 0.144292001163258 0.125677041446461 0.186301287482767 0.375466739430147 0.347647723029642 0.0905842500574449 0.234954166412354 0.00446793051326976 0.75756690642413 0.00301099665024701 0.292771417954389 0.00458715102251838 0.699550090116613 0.00309134090647978 0.756902585310094 0.0038390552296358 0.236671170066385 0.002587189393885 0.00183812590206371 0.993755407894359 0.00284531817716711 0.00156114802641027 0.994052118413589 0.00204945732565487 0.00251726823694566 0.00138115602381089 0.00151685826918658 0.00191165699678309 0.00234801348517923 0.994223471248851 0.00211127505582922 0.00266078500186696 0.993434802223654 0.00179313771864947 0.00282301902770996 0.642108872357537 0.0043698787689209 0.350698229845832 0.00237869094399845 0.933747134489172 0.00368208324207979 0.0601920913247501 0.00237869094399845 0.933747134489172 0.00368208324207979 0.0601920913247501 0.0619546273175408 0.00543511334587546 0.871305482527789 0.0613047768087948 0.0623212253346163 0.00607147216796875 0.812508369894589 0.119098932602826 0.234954166412354 0.00446793051326976 0.75756690642413 0.00301099665024701 0.0624556148753447 0.810645787856158 0.122649742575253 0.00424885469324449 0.875563618716072 0.00275161967558019 0.00337970677544089 0.118305054832907 0.118586429427652 0.00261885138118968 0.00321663267472211 0.875578086516436 0.0652138710021973 0.0675047481761259 0.803393807130701 0.0638875736909754 0.0631040741415585 0.121846838558421 0.0663346739376292 0.748714413362391
MA0107###JASPAR#0.00686647627088759 0.223714934455024 0.595288361443414 0.174130227830675 0.00171247588263618 0.00335049629211426 0.93603097597758 0.0589060518476698 0.00113425784640842 0.00221920013427734 0.993934186299642 0.00271235571967231 0.605863279766507 0.00271439552307129 0.388104730182224 0.00331759452819824 0.539262421925863 0.169840653737386 0.225819407569038 0.0650775167677138 0.111296950446235 0.00278759002685547 0.00353094736735026 0.882384512159559 0.00110574298434787 0.00216341018676758 0.0027403195699056 0.993990527258979 0.00172295570373535 0.112983889049954 0.00426993370056152 0.881023221545749 0.000978340042961968 0.994257569313049 0.0024245818456014 0.00233950879838732 0.000978340042961968 0.994257569313049 0.0024245818456014 0.00233950879838732
MA0108###JASPAR#0.286823078438088 0.19634124967787 0.322920719782511 0.193914952101531 0.419321413393374 0.160691155327691 0.253755498815466 0.166231932463469 0.134772415514346 0.165753461696483 0.548562328020732 0.150911794768439 0.423214100025318 0.0243295740198206 0.326941172281901 0.22551515367296 0.167915497665052 0.350493233512949 0.479923873587891 0.00166739523410797 0.000874939892027113 0.000284489658143785 0.000507250428199768 0.998333320021629 0.998227687897506 0.00034919160383719 0.000622615218162537 0.00080050528049469 0.000874939892027113 0.000284489658143785 0.000507250428199768 0.998333320021629 0.998227687897506 0.00034919160383719 0.000622615218162537 0.00080050528049469 0.0937749119820418 0.000509454696266739 0.000908367335796356 0.904807265985895 0.998227687897506 0.00034919160383719 0.000622615218162537 0.00080050528049469 0.664881976666274 0.000756708560166536 0.00134922564029694 0.333012089133263 0.352018496504536 0.0559948914580875 0.590145946100906 0.00184066593647003 0.058457162645128 0.441542837354872 0.442409144507514 0.0575908554924859 0.251890941902443 0.248109058097557 0.255951996202822 0.244048003797178 0.213079514326873 0.286920485673127 0.239553138061806 0.260446861938194
