11	11	-0.741	0.124
11	10	-0.735	0.125
11	12	-0.760	0.126
11	20	-0.842	0.117
11	14	-0.785	0.125
11	22	-0.881	0.126
11	16	-0.814	0.125
11	18	-0.843	0.126
11	30	-0.911	0.126
11	15	-0.791	0.120
11	5	-0.740	0.134
11	4	-0.745	0.140
11	7	-0.729	0.126
11	6	-0.731	0.131
11	9	-0.733	0.126
11	8	-0.728	0.126
10	11	-0.747	0.130
10	10	-0.737	0.132
10	12	-0.768	0.131
10	20	-0.852	0.120
10	14	-0.795	0.129
10	22	-0.891	0.130
10	16	-0.825	0.128
10	18	-0.853	0.129
10	30	-0.919	0.128
10	15	-0.801	0.123
10	5	-0.734	0.141
10	4	-0.740	0.148
10	7	-0.726	0.134
10	6	-0.726	0.138
10	9	-0.733	0.135
10	8	-0.725	0.134
12	11	-0.742	0.120
12	10	-0.738	0.120
12	12	-0.756	0.123
12	20	-0.832	0.113
12	14	-0.777	0.122
12	22	-0.870	0.122
12	16	-0.804	0.121
12	18	-0.831	0.122
12	30	-0.902	0.122
12	15	-0.783	0.117
12	5	-0.754	0.136
12	4	-0.760	0.145
12	7	-0.739	0.125
12	6	-0.744	0.131
12	9	-0.739	0.122
12	8	-0.736	0.124
20	11	-0.770	0.097
20	10	-0.773	0.099
20	12	-0.775	0.096
20	15	-0.773	0.093
20	14	-0.774	0.094
20	22	-0.815	0.100
20	16	-0.781	0.095
20	18	-0.792	0.097
20	30	-0.852	0.103
20	5	-0.805	0.125
20	8	-0.780	0.107
20	7	-0.785	0.111
20	6	-0.793	0.118
20	9	-0.778	0.103
20	20	-0.789	0.093
20	4	-0.812	0.132
14	11	-0.745	0.111
14	10	-0.745	0.112
14	12	-0.755	0.113
14	15	-0.770	0.112
14	14	-0.767	0.115
14	22	-0.853	0.116
14	16	-0.789	0.115
14	18	-0.813	0.116
14	30	-0.887	0.117
14	5	-0.771	0.133
14	8	-0.747	0.117
14	7	-0.752	0.120
14	6	-0.759	0.127
14	9	-0.748	0.115
14	20	-0.816	0.108
14	4	-0.778	0.142
22	11	-0.780	0.104
22	10	-0.783	0.107
22	12	-0.786	0.102
22	20	-0.791	0.091
22	14	-0.784	0.099
22	22	-0.808	0.098
22	16	-0.790	0.096
22	18	-0.798	0.096
22	30	-0.840	0.102
22	15	-0.780	0.097
22	5	-0.812	0.135
22	4	-0.821	0.143
22	7	-0.794	0.120
22	6	-0.801	0.128
22	9	-0.788	0.112
22	8	-0.788	0.116
16	11	-0.760	0.110
16	10	-0.761	0.112
16	12	-0.766	0.110
16	20	-0.807	0.102
16	14	-0.770	0.110
16	22	-0.842	0.110
16	16	-0.784	0.110
16	18	-0.804	0.110
16	30	-0.879	0.110
16	15	-0.771	0.108
16	5	-0.794	0.139
16	4	-0.803	0.149
16	7	-0.773	0.124
16	6	-0.780	0.132
16	9	-0.766	0.116
16	8	-0.767	0.120
18	11	-0.765	0.105
18	10	-0.768	0.107
18	12	-0.770	0.104
18	20	-0.797	0.098
18	14	-0.773	0.102
18	22	-0.825	0.105
18	16	-0.783	0.102
18	18	-0.799	0.104
18	30	-0.862	0.108
18	15	-0.773	0.100
18	5	-0.800	0.137
18	4	-0.807	0.148
18	7	-0.779	0.121
18	6	-0.787	0.129
18	9	-0.773	0.112
18	8	-0.774	0.116
30	11	-0.785	0.099
30	10	-0.789	0.102
30	12	-0.791	0.098
30	20	-0.789	0.082
30	14	-0.788	0.092
30	22	-0.799	0.084
30	16	-0.792	0.088
30	18	-0.797	0.087
30	30	-0.815	0.088
30	15	-0.786	0.091
30	5	-0.818	0.129
30	4	-0.823	0.135
30	7	-0.799	0.114
30	6	-0.807	0.121
30	9	-0.794	0.107
30	8	-0.795	0.110
15	11	-0.751	0.105
15	10	-0.752	0.106
15	12	-0.759	0.107
15	20	-0.809	0.103
15	14	-0.766	0.109
15	22	-0.846	0.110
15	16	-0.784	0.111
15	18	-0.807	0.112
15	30	-0.882	0.113
15	15	-0.770	0.107
15	5	-0.778	0.122
15	4	-0.785	0.128
15	7	-0.760	0.112
15	6	-0.768	0.117
15	9	-0.756	0.108
15	8	-0.756	0.110
5	11	-0.816	0.154
5	10	-0.802	0.156
5	12	-0.842	0.155
5	15	-0.871	0.144
5	14	-0.867	0.154
5	22	-0.951	0.154
5	16	-0.900	0.153
5	18	-0.929	0.154
5	30	-0.968	0.146
5	20	-0.915	0.141
5	5	-0.695	0.205
5	4	-0.678	0.203
5	7	-0.743	0.176
5	6	-0.717	0.191
5	9	-0.790	0.165
5	8	-0.764	0.169
4	11	-0.843	0.161
4	10	-0.830	0.164
4	12	-0.868	0.162
4	20	-0.936	0.145
4	14	-0.892	0.160
4	22	-0.971	0.159
4	16	-0.926	0.158
4	18	-0.954	0.158
4	30	-0.985	0.150
4	15	-0.894	0.150
4	5	-0.710	0.217
4	4	-0.666	0.227
4	7	-0.770	0.184
4	6	-0.741	0.200
4	9	-0.820	0.173
4	8	-0.792	0.178
7	11	-0.777	0.142
7	10	-0.763	0.144
7	12	-0.803	0.143
7	20	-0.886	0.132
7	14	-0.831	0.143
7	22	-0.923	0.144
7	16	-0.865	0.142
7	18	-0.894	0.143
7	30	-0.947	0.140
7	15	-0.836	0.135
7	5	-0.696	0.162
7	4	-0.691	0.161
7	7	-0.711	0.158
7	6	-0.698	0.162
7	9	-0.749	0.151
7	8	-0.726	0.155
6	11	-0.796	0.148
6	10	-0.782	0.151
6	12	-0.823	0.150
6	20	-0.901	0.137
6	14	-0.850	0.149
6	22	-0.938	0.150
6	16	-0.883	0.148
6	18	-0.912	0.149
6	30	-0.958	0.143
6	15	-0.854	0.140
6	5	-0.693	0.180
6	4	-0.683	0.175
6	7	-0.724	0.167
6	6	-0.701	0.179
6	9	-0.769	0.158
6	8	-0.743	0.162
9	11	-0.755	0.134
9	10	-0.743	0.137
9	12	-0.778	0.135
9	15	-0.812	0.127
9	14	-0.806	0.134
9	22	-0.902	0.135
9	16	-0.838	0.133
9	18	-0.867	0.134
9	30	-0.929	0.131
9	5	-0.723	0.148
9	8	-0.722	0.143
9	7	-0.719	0.142
9	6	-0.717	0.146
9	9	-0.734	0.142
9	20	-0.864	0.124
9	4	-0.727	0.153
8	11	-0.764	0.137
8	10	-0.750	0.140
8	12	-0.788	0.139
8	20	-0.872	0.129
8	14	-0.816	0.138
8	22	-0.909	0.140
8	16	-0.849	0.138
8	18	-0.877	0.140
8	30	-0.933	0.137
8	5	-0.710	0.153
8	8	-0.720	0.149
8	7	-0.712	0.149
8	6	-0.706	0.153
8	9	-0.738	0.146
8	15	-0.822	0.131
8	4	-0.710	0.154
